0.63,0.77,0.39,0.45,1.02,0.92,0.1,0.57,0.16,17347,0.0010161399841308594
0.62,0.77,0.4,0.44,1.02,0.92,0.1,0.57,0.16,17448,0.0010161399841308594
0.62,0.77,0.39,0.44,1.02,0.92,0.1,0.57,0.16,17419,0.002016782760620117
0.62,0.77,0.4,0.44,1.02,0.92,0.1,0.57,0.16,17514,0.002016782760620117
0.62,0.77,0.39,0.44,1.02,0.92,0.1,0.57,0.16,17461,0.002016782760620117
0.62,0.77,0.39,0.45,1.02,0.92,0.1,0.57,0.16,17478,0.0030159950256347656
0.62,0.77,0.39,0.45,1.02,0.92,0.11,0.56,0.16,17497,0.0030159950256347656
0.62,0.77,0.39,0.45,1.02,0.92,0.1,0.57,0.17,17460,0.004015207290649414
0.62,0.77,0.39,0.45,1.02,0.92,0.11,0.57,0.16,17409,0.004015207290649414
0.62,0.76,0.39,0.45,1.02,0.92,0.1,0.57,0.16,17328,0.004015207290649414
0.62,0.76,0.4,0.45,1.02,0.93,0.11,0.57,0.16,17301,0.0050122737884521484
0.62,0.77,0.39,0.45,1.01,0.92,0.1,0.57,0.17,17526,0.0050122737884521484
0.62,0.77,0.39,0.45,1.02,0.93,0.1,0.57,0.16,17561,0.0050122737884521484
0.62,0.77,0.39,0.45,1.02,0.92,0.1,0.57,0.16,17388,0.006016254425048828
0.62,0.76,0.39,0.45,1.02,0.93,0.1,0.57,0.16,17017,0.006016254425048828
0.62,0.77,0.39,0.44,1.02,0.92,0.1,0.57,0.16,17432,0.007014751434326172
0.62,0.77,0.39,0.45,1.02,0.93,0.1,0.57,0.16,18089,0.007014751434326172
0.62,0.77,0.39,0.45,1.02,0.92,0.1,0.57,0.16,17838,0.007014751434326172
0.62,0.77,0.39,0.45,1.02,0.92,0.1,0.57,0.16,17703,0.008014917373657227
0.62,0.76,0.39,0.45,1.02,0.93,0.1,0.57,0.16,17536,0.008014917373657227
0.62,0.77,0.4,0.45,1.02,0.92,0.1,0.57,0.16,17449,0.008014917373657227
0.62,0.77,0.39,0.45,1.02,0.93,0.1,0.57,0.16,17974,0.009015321731567383
0.62,0.78,0.39,0.45,1.02,0.93,0.1,0.57,0.16,18129,0.009015321731567383
0.62,0.77,0.39,0.45,1.02,0.93,0.1,0.57,0.16,17382,0.009015321731567383
0.62,0.77,0.39,0.45,1.02,0.93,0.11,0.57,0.16,16907,0.010014772415161133
0.62,0.77,0.4,0.45,1.02,0.93,0.1,0.57,0.16,17230,0.010014772415161133
0.62,0.77,0.39,0.45,1.02,0.93,0.11,0.57,0.16,17903,0.011013031005859375
0.62,0.77,0.39,0.45,1.02,0.93,0.1,0.57,0.16,17706,0.011013031005859375
0.62,0.77,0.4,0.45,1.02,0.93,0.1,0.57,0.16,17423,0.012017250061035156
0.62,0.77,0.39,0.45,1.03,0.93,0.1,0.57,0.17,17154,0.012017250061035156
0.62,0.77,0.39,0.45,1.02,0.93,0.11,0.57,0.16,17085,0.012017250061035156
0.62,0.77,0.39,0.45,1.02,0.93,0.1,0.57,0.16,17638,0.013015985488891602
0.63,0.77,0.39,0.45,1.02,0.93,0.1,0.57,0.16,17635,0.013015985488891602
0.62,0.77,0.39,0.45,1.02,0.93,0.09,0.57,0.16,17526,0.013015985488891602
0.62,0.77,0.39,0.45,1.02,0.92,0.1,0.57,0.17,17511,0.01401519775390625
0.62,0.77,0.39,0.45,1.02,0.93,0.1,0.57,0.16,17730,0.01401519775390625
0.63,0.77,0.39,0.45,1.02,0.93,0.1,0.57,0.16,17887,0.01401519775390625
0.62,0.77,0.4,0.45,1.02,0.93,0.09,0.57,0.17,17734,0.01523733139038086
0.62,0.77,0.4,0.45,1.02,0.92,0.1,0.57,0.16,17497,0.01523733139038086
0.62,0.77,0.4,0.44,1.02,0.92,0.1,0.57,0.16,17486,0.01523733139038086
0.62,0.77,0.39,0.44,1.02,0.92,0.1,0.57,0.16,17181,0.016284465789794922
0.63,0.77,0.4,0.45,1.02,0.92,0.1,0.57,0.16,17210,0.016284465789794922
0.62,0.77,0.39,0.44,1.02,0.92,0.1,0.57,0.16,17505,0.016284465789794922
0.6,0.77,0.39,0.44,1.01,0.93,0.1,0.57,0.16,17632,0.017282724380493164
0.61,0.77,0.4,0.45,1.02,0.93,0.11,0.57,0.17,17481,0.017282724380493164
0.6,0.77,0.39,0.44,1.01,0.93,0.1,0.57,0.16,17300,0.01828312873840332
0.6,0.77,0.39,0.43,1.02,0.93,0.11,0.58,0.16,17241,0.01828312873840332
0.61,0.77,0.39,0.44,1.02,0.93,0.1,0.57,0.16,17386,0.01828312873840332
0.59,0.77,0.39,0.42,1.02,0.93,0.1,0.57,0.16,17331,0.019282102584838867
0.59,0.77,0.4,0.43,1.01,0.92,0.1,0.58,0.16,17132,0.019282102584838867
0.59,0.77,0.4,0.43,1.01,0.92,0.1,0.57,0.16,17487,0.019282102584838867
0.59,0.77,0.4,0.43,1.01,0.92,0.1,0.58,0.16,17386,0.020467519760131836
0.6,0.77,0.4,0.43,1.01,0.92,0.1,0.57,0.16,17185,0.020467519760131836
0.6,0.77,0.39,0.43,1.01,0.92,0.1,0.57,0.16,17270,0.020467519760131836
0.6,0.77,0.4,0.43,1.02,0.92,0.1,0.57,0.16,17649,0.021503448486328125
0.6,0.77,0.4,0.43,1.02,0.92,0.1,0.57,0.16,17644,0.021503448486328125
0.6,0.77,0.39,0.44,1.01,0.92,0.1,0.58,0.16,17185,0.022501707077026367
0.6,0.77,0.4,0.44,1.01,0.92,0.1,0.57,0.16,17478,0.022501707077026367
0.61,0.76,0.4,0.43,1.01,0.92,0.1,0.57,0.17,17327,0.022501707077026367
0.6,0.77,0.4,0.43,1.01,0.92,0.1,0.57,0.16,17328,0.02350020408630371
0.6,0.77,0.4,0.43,1.01,0.92,0.1,0.58,0.16,17351,0.02350020408630371
0.59,0.77,0.4,0.43,1.01,0.92,0.1,0.57,0.16,17650,0.02350020408630371
0.6,0.76,0.4,0.43,1.02,0.92,0.1,0.57,0.16,17791,0.024500370025634766
0.61,0.76,0.4,0.43,1.01,0.92,0.1,0.57,0.16,17976,0.024500370025634766
0.61,0.77,0.4,0.43,1.01,0.92,0.09,0.57,0.16,17655,0.024500370025634766
0.61,0.76,0.4,0.43,1.01,0.93,0.1,0.58,0.16,17834,0.025500059127807617
0.61,0.76,0.4,0.43,1.02,0.92,0.1,0.57,0.17,18067,0.025500059127807617
0.6,0.77,0.4,0.44,1.01,0.92,0.1,0.57,0.16,17808,0.02649998664855957
0.6,0.76,0.4,0.43,1.01,0.92,0.1,0.57,0.16,17111,0.02649998664855957
0.6,0.77,0.4,0.43,1.02,0.92,0.1,0.57,0.16,17150,0.02649998664855957
0.61,0.77,0.4,0.43,1.02,0.92,0.1,0.57,0.16,17783,0.027500152587890625
0.61,0.76,0.4,0.43,1.02,0.92,0.1,0.57,0.16,17464,0.027500152587890625
0.61,0.76,0.4,0.43,1.01,0.92,0.1,0.58,0.16,17031,0.027500152587890625
0.61,0.77,0.4,0.43,1.02,0.92,0.1,0.57,0.16,17540,0.028500080108642578
0.61,0.77,0.4,0.44,1.02,0.92,0.09,0.57,0.16,18133,0.028500080108642578
0.61,0.76,0.4,0.43,1.02,0.92,0.1,0.57,0.16,17666,0.028500080108642578
0.61,0.77,0.4,0.43,1.02,0.92,0.1,0.57,0.16,16997,0.029500246047973633
0.61,0.76,0.4,0.43,1.01,0.92,0.1,0.58,0.16,17336,0.029500246047973633
0.61,0.77,0.4,0.43,1.01,0.92,0.1,0.58,0.16,17891,0.030500173568725586
0.61,0.77,0.4,0.44,1.01,0.92,0.1,0.58,0.16,17812,0.03069019317626953
0.62,0.77,0.4,0.43,1.01,0.92,0.1,0.57,0.16,17241,0.03069019317626953
0.61,0.77,0.4,0.43,1.01,0.92,0.1,0.57,0.16,17424,0.03069019317626953
0.61,0.77,0.4,0.43,1.01,0.92,0.1,0.58,0.16,17505,0.03172779083251953
0.62,0.77,0.4,0.43,1.01,0.92,0.1,0.57,0.16,17628,0.03172779083251953
0.61,0.77,0.4,0.44,1.01,0.92,0.1,0.57,0.16,17457,0.03273892402648926
0.61,0.76,0.4,0.43,1.01,0.92,0.1,0.58,0.16,17518,0.03273892402648926
0.62,0.76,0.4,0.43,1.01,0.92,0.1,0.57,0.16,17315,0.03273892402648926
0.61,0.77,0.4,0.43,1.02,0.92,0.1,0.57,0.16,17150,0.03373837471008301
0.61,0.76,0.4,0.43,1.01,0.92,0.1,0.57,0.16,17609,0.03373837471008301
0.61,0.77,0.4,0.43,1.01,0.93,0.1,0.57,0.16,17856,0.03373837471008301
0.62,0.77,0.4,0.43,1.01,0.93,0.1,0.58,0.16,18135,0.03473830223083496
0.62,0.77,0.4,0.44,1.02,0.92,0.1,0.57,0.16,17922,0.03473830223083496
0.62,0.77,0.4,0.43,1.02,0.92,0.1,0.58,0.16,17721,0.03473830223083496
0.62,0.77,0.4,0.43,1.01,0.92,0.09,0.58,0.16,17558,0.03581380844116211
0.62,0.77,0.4,0.44,1.01,0.92,0.1,0.57,0.16,17515,0.03581380844116211
0.62,0.77,0.4,0.43,1.01,0.92,0.1,0.57,0.16,17212,0.03581380844116211
0.62,0.77,0.4,0.43,1.01,0.92,0.1,0.57,0.16,17445,0.03685951232910156
0.62,0.77,0.4,0.43,1.02,0.92,0.1,0.58,0.16,18044,0.03685951232910156
0.62,0.77,0.4,0.43,1.02,0.92,0.09,0.57,0.16,18155,0.0378568172454834
0.62,0.77,0.4,0.43,1.01,0.92,0.1,0.57,0.16,17520,0.0378568172454834
0.62,0.77,0.4,0.44,1.01,0.92,0.1,0.57,0.17,17467,0.0378568172454834
0.62,0.76,0.4,0.43,1.01,0.93,0.1,0.58,0.17,17516,0.03885841369628906
0.62,0.77,0.4,0.44,1.01,0.92,0.1,0.58,0.16,17485,0.03885841369628906
0.62,0.77,0.4,0.43,1.02,0.92,0.1,0.58,0.16,17280,0.03885841369628906
0.62,0.77,0.4,0.43,1.02,0.92,0.1,0.57,0.16,17129,0.03985786437988281
0.62,0.77,0.4,0.43,1.01,0.92,0.1,0.58,0.16,17548,0.03985786437988281
0.62,0.77,0.4,0.43,1.01,0.92,0.1,0.58,0.16,17387,0.040857553482055664
0.62,0.76,0.4,0.43,1.01,0.92,0.1,0.57,0.16,17308,0.041056156158447266
0.62,0.76,0.4,0.43,1.01,0.92,0.1,0.57,0.16,17659,0.041056156158447266
0.63,0.76,0.4,0.44,1.01,0.91,0.1,0.58,0.16,17792,0.041056156158447266
0.62,0.76,0.4,0.43,1.01,0.92,0.1,0.57,0.16,17435,0.04210400581359863
0.62,0.76,0.4,0.43,1.01,0.92,0.11,0.58,0.16,17566,0.04210400581359863
0.62,0.76,0.4,0.44,1.01,0.92,0.1,0.58,0.16,17487,0.04310154914855957
0.62,0.76,0.4,0.44,1.01,0.92,0.1,0.58,0.16,17564,0.04310154914855957
0.62,0.76,0.41,0.44,1.01,0.92,0.1,0.58,0.16,17845,0.04310154914855957
0.62,0.76,0.41,0.43,1.01,0.92,0.1,0.58,0.16,17440,0.044101715087890625
0.62,0.76,0.41,0.43,1.01,0.92,0.1,0.58,0.16,17501,0.044101715087890625
0.62,0.76,0.41,0.43,1.02,0.92,0.1,0.58,0.16,17658,0.044101715087890625
0.62,0.76,0.41,0.44,1.01,0.92,0.11,0.58,0.16,17707,0.04510164260864258
0.62,0.76,0.41,0.44,1.01,0.92,0.1,0.58,0.16,17864,0.04510164260864258
0.62,0.76,0.41,0.44,1.01,0.92,0.1,0.58,0.17,17491,0.04510164260864258
0.62,0.76,0.41,0.43,1.01,0.92,0.1,0.58,0.16,16922,0.046288490295410156
0.62,0.76,0.4,0.43,1.01,0.92,0.1,0.58,0.17,17137,0.046288490295410156
0.63,0.76,0.41,0.44,1.01,0.92,0.1,0.58,0.16,17540,0.0471041202545166
0.62,0.76,0.41,0.43,1.01,0.92,0.1,0.58,0.16,17307,0.04761695861816406
0.62,0.76,0.41,0.43,1.01,0.92,0.1,0.57,0.16,17290,0.04761695861816406
0.62,0.76,0.41,0.44,1.01,0.93,0.1,0.57,0.16,17311,0.04761695861816406
0.62,0.76,0.4,0.44,1.01,0.92,0.1,0.57,0.16,17516,0.04862785339355469
0.62,0.76,0.41,0.44,1.01,0.92,0.1,0.58,0.16,17485,0.04862785339355469
0.62,0.76,0.41,0.43,1.01,0.92,0.1,0.58,0.16,17416,0.04862785339355469
0.62,0.76,0.41,0.44,1.01,0.93,0.1,0.57,0.16,17439,0.049628257751464844
0.62,0.76,0.41,0.43,1.01,0.92,0.1,0.58,0.16,17484,0.049628257751464844
0.62,0.76,0.41,0.44,1.01,0.92,0.1,0.58,0.17,17729,0.049628257751464844
0.63,0.76,0.41,0.43,1.01,0.92,0.1,0.57,0.16,17756,0.05062747001647949
0.62,0.76,0.41,0.44,1.01,0.93,0.1,0.58,0.16,17877,0.05062747001647949
0.62,0.75,0.41,0.44,1.01,0.92,0.1,0.58,0.16,17760,0.05162763595581055
0.62,0.76,0.41,0.44,1.01,0.92,0.1,0.58,0.16,17315,0.051816701889038086
0.62,0.76,0.41,0.45,1.01,0.92,0.1,0.57,0.16,17520,0.051816701889038086
0.62,0.76,0.41,0.45,1.01,0.92,0.1,0.58,0.16,17785,0.052850961685180664
0.62,0.76,0.41,0.45,1.01,0.92,0.1,0.57,0.16,17516,0.052850961685180664
0.62,0.76,0.41,0.45,1.01,0.92,0.1,0.57,0.16,17785,0.052850961685180664
0.62,0.75,0.41,0.45,1.01,0.92,0.1,0.57,0.16,17768,0.0538482666015625
0.62,0.76,0.41,0.45,1.01,0.92,0.1,0.57,0.16,17209,0.0538482666015625
0.62,0.75,0.41,0.45,1.01,0.92,0.1,0.57,0.16,17224,0.0538482666015625
0.62,0.76,0.41,0.44,1.01,0.92,0.1,0.58,0.16,17505,0.054848432540893555
0.62,0.76,0.41,0.44,1.01,0.92,0.1,0.58,0.16,17418,0.054848432540893555
0.62,0.76,0.41,0.44,1.01,0.92,0.1,0.57,0.16,17251,0.05584883689880371
0.62,0.76,0.41,0.45,1.01,0.92,0.1,0.58,0.16,17068,0.05584883689880371
0.62,0.76,0.41,0.45,1.01,0.92,0.11,0.58,0.16,17463,0.05584883689880371
0.62,0.76,0.41,0.45,1.01,0.92,0.1,0.58,0.16,17624,0.056900739669799805
0.62,0.76,0.41,0.45,1.01,0.92,0.1,0.57,0.16,17547,0.056900739669799805
0.62,0.76,0.41,0.45,1.01,0.92,0.1,0.58,0.16,17342,0.056900739669799805
0.6,0.76,0.41,0.44,1.01,0.92,0.1,0.58,0.16,17107,0.05793595314025879
0.61,0.76,0.41,0.44,1.01,0.92,0.11,0.58,0.17,17224,0.05793595314025879
0.62,0.76,0.41,0.44,1.01,0.92,0.1,0.57,0.16,17359,0.05893349647521973
0.61,0.76,0.41,0.44,1.02,0.92,0.1,0.58,0.16,17300,0.05893349647521973
0.62,0.76,0.41,0.44,1.01,0.92,0.1,0.58,0.16,17219,0.05893349647521973
0.62,0.76,0.41,0.44,1.01,0.92,0.1,0.58,0.16,17276,0.05993366241455078
0.61,0.76,0.41,0.45,1.01,0.92,0.1,0.57,0.16,17603,0.05993366241455078
0.62,0.76,0.41,0.45,1.02,0.93,0.11,0.58,0.16,17374,0.05993366241455078
0.61,0.76,0.41,0.44,1.02,0.92,0.1,0.57,0.17,17263,0.060933589935302734
0.61,0.76,0.41,0.44,1.01,0.92,0.1,0.58,0.17,17290,0.060933589935302734
0.61,0.77,0.4,0.45,1.01,0.92,0.1,0.58,0.16,17211,0.060933589935302734
0.61,0.76,0.4,0.45,1.01,0.92,0.1,0.57,0.16,17470,0.06212353706359863
0.62,0.76,0.4,0.45,1.01,0.92,0.1,0.58,0.16,17619,0.06212353706359863
0.62,0.76,0.4,0.45,1.01,0.92,0.1,0.58,0.16,17782,0.06212353706359863
0.62,0.76,0.4,0.44,1.01,0.92,0.1,0.58,0.16,17631,0.06316041946411133
0.61,0.76,0.4,0.45,1.02,0.93,0.1,0.58,0.16,17794,0.06316041946411133
0.62,0.76,0.4,0.44,1.02,0.92,0.1,0.57,0.16,17467,0.06415748596191406
0.62,0.77,0.4,0.45,1.02,0.93,0.1,0.58,0.16,16984,0.06415748596191406
0.61,0.76,0.41,0.45,1.01,0.92,0.1,0.58,0.16,16995,0.06415748596191406
0.61,0.76,0.4,0.44,1.02,0.92,0.1,0.58,0.16,17118,0.06515812873840332
0.62,0.76,0.4,0.44,1.01,0.92,0.1,0.57,0.16,17219,0.06515812873840332
0.62,0.76,0.4,0.45,1.01,0.93,0.1,0.57,0.16,17360,0.06515812873840332
0.62,0.76,0.4,0.45,1.01,0.92,0.1,0.58,0.16,17219,0.06615757942199707
0.62,0.77,0.4,0.45,1.01,0.92,0.1,0.57,0.16,17518,0.06615757942199707
0.62,0.77,0.4,0.44,1.02,0.93,0.1,0.57,0.16,17159,0.06715726852416992
0.62,0.77,0.4,0.44,1.01,0.92,0.1,0.57,0.16,17110,0.06734490394592285
0.62,0.77,0.4,0.45,1.02,0.93,0.11,0.58,0.16,17379,0.06734490394592285
0.62,0.77,0.4,0.45,1.01,0.93,0.1,0.57,0.16,17268,0.06734490394592285
0.62,0.77,0.4,0.45,1.02,0.93,0.1,0.57,0.16,17483,0.06837940216064453
0.62,0.77,0.4,0.45,1.02,0.93,0.11,0.58,0.16,17634,0.06837940216064453
0.62,0.77,0.4,0.45,1.02,0.93,0.1,0.57,0.16,17457,0.06937837600708008
0.62,0.77,0.4,0.45,1.02,0.93,0.1,0.57,0.16,17222,0.06937837600708008
0.62,0.77,0.4,0.45,1.02,0.92,0.1,0.57,0.16,17539,0.06937837600708008
0.63,0.76,0.4,0.45,1.02,0.92,0.1,0.57,0.16,17412,0.07037901878356934
0.62,0.77,0.4,0.45,1.01,0.92,0.1,0.58,0.16,17349,0.07037901878356934
0.62,0.77,0.4,0.45,1.02,0.93,0.1,0.57,0.16,17548,0.07037901878356934
0.62,0.77,0.4,0.45,1.01,0.93,0.1,0.58,0.16,17797,0.07137918472290039
0.62,0.77,0.4,0.45,1.02,0.93,0.1,0.58,0.16,17156,0.07137918472290039
0.62,0.77,0.4,0.45,1.02,0.93,0.11,0.57,0.16,17125,0.07237935066223145
0.62,0.77,0.4,0.45,1.02,0.93,0.11,0.58,0.16,17046,0.07257652282714844
0.62,0.76,0.4,0.45,1.01,0.93,0.1,0.57,0.16,17661,0.07257652282714844
0.62,0.77,0.4,0.45,1.02,0.93,0.1,0.57,0.16,17598,0.07361888885498047
0.62,0.77,0.4,0.45,1.02,0.93,0.1,0.57,0.17,17625,0.07361888885498047
0.63,0.76,0.4,0.45,1.01,0.93,0.1,0.57,0.16,17550,0.07361888885498047
0.63,0.77,0.4,0.45,1.01,0.92,0.1,0.57,0.17,17215,0.0746161937713623
0.63,0.77,0.4,0.45,1.02,0.93,0.1,0.58,0.16,17154,0.0746161937713623
0.63,0.77,0.4,0.45,1.01,0.92,0.1,0.58,0.16,17423,0.0746161937713623
0.63,0.77,0.4,0.45,1.01,0.92,0.11,0.57,0.16,17466,0.07561588287353516
0.62,0.77,0.4,0.46,1.02,0.93,0.1,0.58,0.16,17009,0.07561588287353516
0.63,0.77,0.4,0.45,1.02,0.92,0.1,0.57,0.17,17158,0.07561588287353516
0.63,0.77,0.4,0.45,1.02,0.92,0.1,0.58,0.16,17501,0.07661628723144531
0.62,0.77,0.4,0.46,1.01,0.92,0.1,0.58,0.16,17662,0.07661628723144531
0.63,0.77,0.4,0.45,1.02,0.93,0.1,0.58,0.16,17669,0.07761549949645996
0.63,0.77,0.4,0.46,1.01,0.93,0.1,0.57,0.17,17668,0.07761549949645996
0.63,0.77,0.4,0.45,1.01,0.93,0.1,0.58,0.16,17877,0.07761549949645996
0.63,0.77,0.4,0.45,1.01,0.93,0.1,0.57,0.16,18114,0.07861638069152832
0.64,0.77,0.4,0.45,1.02,0.92,0.1,0.58,0.16,17471,0.07861638069152832
0.63,0.77,0.4,0.45,1.02,0.92,0.1,0.57,0.16,17108,0.07861638069152832
0.63,0.77,0.4,0.45,1.02,0.93,0.1,0.57,0.16,17537,0.07961583137512207
0.62,0.77,0.4,0.46,1.02,0.93,0.1,0.58,0.16,17334,0.07961583137512207
0.62,0.77,0.4,0.45,1.02,0.92,0.1,0.58,0.16,17145,0.07961583137512207
0.62,0.77,0.4,0.45,1.02,0.93,0.1,0.58,0.16,17566,0.08061671257019043
0.63,0.77,0.4,0.46,1.02,0.93,0.1,0.58,0.16,18159,0.08061671257019043
0.63,0.77,0.4,0.46,1.02,0.92,0.1,0.58,0.16,17370,0.08161687850952148
0.63,0.77,0.4,0.45,1.02,0.92,0.1,0.58,0.16,17423,0.08161687850952148
0.62,0.77,0.4,0.45,1.02,0.92,0.1,0.58,0.16,17346,0.08161687850952148
0.63,0.77,0.4,0.45,1.02,0.92,0.1,0.58,0.16,17319,0.08261632919311523
0.63,0.77,0.4,0.45,1.03,0.92,0.1,0.57,0.16,17496,0.08261632919311523
0.63,0.77,0.4,0.45,1.02,0.92,0.1,0.58,0.16,17291,0.08261632919311523
0.64,0.76,0.4,0.45,1.02,0.93,0.1,0.58,0.16,16750,0.08361601829528809
0.63,0.77,0.4,0.45,1.02,0.93,0.1,0.58,0.16,17189,0.08361601829528809
0.63,0.77,0.41,0.46,1.02,0.92,0.1,0.58,0.16,17584,0.08461642265319824
0.64,0.77,0.41,0.45,1.02,0.93,0.1,0.58,0.16,17119,0.08461642265319824
0.64,0.77,0.4,0.45,1.02,0.92,0.1,0.58,0.16,16910,0.08461642265319824
0.64,0.77,0.4,0.45,1.02,0.93,0.1,0.58,0.16,16987,0.0856163501739502
0.64,0.77,0.4,0.45,1.03,0.92,0.11,0.57,0.16,17220,0.0856163501739502
0.62,0.77,0.41,0.45,1.02,0.93,0.1,0.58,0.16,17313,0.0856163501739502
0.63,0.77,0.4,0.45,1.02,0.93,0.1,0.58,0.16,17540,0.08661699295043945
0.63,0.77,0.4,0.45,1.02,0.92,0.1,0.58,0.16,17775,0.08661699295043945
0.64,0.77,0.4,0.46,1.02,0.92,0.11,0.58,0.16,17488,0.08661699295043945
0.63,0.77,0.41,0.45,1.02,0.92,0.11,0.58,0.16,17845,0.0876166820526123
0.63,0.77,0.4,0.46,1.03,0.93,0.1,0.58,0.16,17878,0.08861613273620605
0.63,0.77,0.4,0.45,1.02,0.92,0.1,0.58,0.16,17661,0.08861613273620605
0.64,0.77,0.4,0.46,1.02,0.93,0.1,0.58,0.16,17202,0.08861613273620605
0.64,0.77,0.4,0.45,1.02,0.93,0.1,0.58,0.16,16883,0.08961653709411621
0.64,0.77,0.4,0.45,1.02,0.92,0.11,0.58,0.16,16950,0.08961653709411621
0.63,0.77,0.4,0.45,1.02,0.92,0.11,0.57,0.16,17173,0.08961653709411621
0.64,0.77,0.4,0.46,1.02,0.92,0.11,0.58,0.16,17296,0.09061598777770996
0.63,0.78,0.4,0.46,1.02,0.93,0.1,0.58,0.16,17735,0.09061598777770996
0.64,0.77,0.4,0.46,1.02,0.92,0.11,0.57,0.16,17304,0.09161639213562012
0.63,0.77,0.4,0.45,1.02,0.92,0.1,0.58,0.16,17599,0.09161639213562012
0.64,0.78,0.4,0.45,1.02,0.92,0.1,0.58,0.16,17504,0.09161639213562012
0.63,0.77,0.4,0.45,1.02,0.93,0.1,0.58,0.16,17365,0.09261608123779297
0.63,0.77,0.4,0.45,1.02,0.92,0.1,0.58,0.16,17554,0.09261608123779297
0.63,0.77,0.4,0.45,1.02,0.92,0.1,0.57,0.16,17497,0.09261608123779297
0.63,0.77,0.4,0.45,1.02,0.92,0.11,0.57,0.16,17182,0.09381651878356934
0.64,0.77,0.41,0.46,1.02,0.93,0.1,0.58,0.16,17171,0.09381651878356934
0.63,0.77,0.4,0.45,1.02,0.93,0.1,0.57,0.16,17782,0.09381651878356934
0.64,0.77,0.4,0.45,1.02,0.92,0.11,0.58,0.16,18173,0.0948631763458252
0.64,0.77,0.4,0.46,1.02,0.92,0.11,0.57,0.16,17934,0.0948631763458252
0.63,0.77,0.41,0.45,1.02,0.92,0.1,0.58,0.17,17599,0.0948631763458252
0.63,0.77,0.41,0.46,1.02,0.92,0.1,0.58,0.16,17382,0.09586095809936523
0.63,0.77,0.4,0.46,1.02,0.92,0.11,0.58,0.16,17371,0.09586095809936523
0.63,0.77,0.4,0.45,1.01,0.93,0.11,0.58,0.16,17236,0.09686112403869629
0.63,0.77,0.41,0.46,1.02,0.92,0.1,0.57,0.16,17261,0.09686112403869629
0.64,0.77,0.4,0.45,1.01,0.92,0.11,0.57,0.16,17614,0.09686112403869629
0.64,0.77,0.41,0.46,1.02,0.92,0.1,0.57,0.16,17927,0.09786081314086914
0.64,0.77,0.4,0.46,1.02,0.92,0.11,0.58,0.16,17604,0.09786081314086914
0.64,0.77,0.41,0.46,1.02,0.92,0.1,0.57,0.16,17923,0.09786081314086914
0.64,0.77,0.41,0.45,1.02,0.92,0.11,0.58,0.16,17540,0.09906172752380371
0.64,0.77,0.41,0.46,1.01,0.92,0.11,0.58,0.16,17253,0.09906172752380371
0.64,0.77,0.41,0.46,1.02,0.92,0.11,0.58,0.16,17234,0.09906172752380371
0.64,0.77,0.41,0.45,1.02,0.92,0.11,0.58,0.16,17341,0.1000969409942627
0.64,0.77,0.41,0.46,1.02,0.92,0.11,0.57,0.16,17334,0.1000969409942627
0.64,0.77,0.41,0.46,1.02,0.92,0.11,0.58,0.16,17479,0.1000969409942627
0.63,0.77,0.41,0.46,1.02,0.92,0.11,0.58,0.16,17522,0.10109376907348633
0.63,0.77,0.4,0.45,1.02,0.92,0.11,0.57,0.16,17111,0.10109376907348633
0.64,0.77,0.4,0.46,1.02,0.92,0.11,0.58,0.16,17016,0.1020958423614502
0.64,0.77,0.4,0.45,1.02,0.92,0.11,0.58,0.16,17409,0.1020958423614502
0.64,0.77,0.4,0.46,1.02,0.92,0.1,0.58,0.16,17772,0.1020958423614502
0.63,0.77,0.4,0.46,1.02,0.92,0.11,0.58,0.17,17681,0.10309338569641113
0.64,0.77,0.41,0.46,1.02,0.92,0.11,0.57,0.16,17826,0.10309338569641113
0.63,0.77,0.4,0.46,1.03,0.92,0.11,0.58,0.16,17627,0.10309338569641113
0.63,0.77,0.41,0.46,1.02,0.92,0.11,0.57,0.17,17346,0.10428404808044434
0.64,0.77,0.4,0.46,1.03,0.92,0.11,0.57,0.16,16967,0.10428404808044434
0.63,0.77,0.4,0.46,1.03,0.93,0.11,0.57,0.16,17220,0.10428404808044434
0.64,0.77,0.4,0.46,1.03,0.92,0.11,0.57,0.16,17485,0.10532283782958984
0.63,0.77,0.4,0.45,1.02,0.92,0.11,0.57,0.16,17350,0.10532283782958984
0.64,0.77,0.4,0.46,1.02,0.92,0.11,0.58,0.16,17221,0.10632133483886719
0.64,0.77,0.4,0.46,1.02,0.92,0.11,0.58,0.16,17244,0.10632133483886719
0.64,0.77,0.4,0.45,1.02,0.93,0.11,0.58,0.16,17231,0.10632133483886719
0.64,0.77,0.4,0.46,1.02,0.92,0.11,0.58,0.16,17264,0.10732150077819824
0.64,0.77,0.4,0.46,1.02,0.92,0.11,0.57,0.16,17677,0.10732150077819824
0.64,0.77,0.4,0.46,1.03,0.92,0.11,0.58,0.16,18084,0.10732150077819824
0.64,0.77,0.41,0.46,1.03,0.92,0.11,0.57,0.16,17945,0.1083221435546875
0.64,0.77,0.4,0.46,1.02,0.92,0.1,0.57,0.16,17408,0.1083221435546875
0.64,0.77,0.4,0.46,1.03,0.92,0.11,0.58,0.16,17343,0.10932135581970215
0.64,0.77,0.4,0.46,1.03,0.92,0.11,0.57,0.16,17518,0.10932135581970215
0.63,0.77,0.4,0.45,1.03,0.92,0.1,0.57,0.16,17647,0.10932135581970215
0.63,0.77,0.4,0.46,1.02,0.92,0.1,0.57,0.16,17610,0.110321044921875
0.64,0.77,0.4,0.46,1.02,0.92,0.1,0.58,0.16,17611,0.110321044921875
0.65,0.77,0.4,0.46,1.03,0.92,0.11,0.58,0.16,17532,0.110321044921875
0.64,0.76,0.4,0.46,1.03,0.92,0.11,0.57,0.16,17141,0.11132121086120605
0.64,0.77,0.4,0.46,1.03,0.92,0.1,0.57,0.16,16902,0.11132121086120605
0.64,0.76,0.4,0.46,1.03,0.92,0.1,0.58,0.16,16933,0.11132121086120605
0.64,0.77,0.4,0.47,1.03,0.92,0.11,0.57,0.16,17284,0.11232113838195801
0.64,0.76,0.4,0.47,1.02,0.92,0.1,0.57,0.16,17497,0.11232113838195801
0.64,0.77,0.4,0.46,1.02,0.92,0.11,0.57,0.16,17208,0.11332130432128906
0.64,0.76,0.4,0.46,1.03,0.92,0.1,0.57,0.16,17123,0.11332130432128906
0.64,0.77,0.4,0.46,1.03,0.92,0.1,0.58,0.16,17100,0.11332130432128906
0.64,0.76,0.4,0.46,1.02,0.92,0.1,0.57,0.16,17453,0.11432099342346191
0.63,0.77,0.4,0.46,1.03,0.92,0.1,0.57,0.16,17064,0.11432099342346191
0.64,0.77,0.4,0.46,1.03,0.92,0.11,0.58,0.16,17283,0.11432099342346191
0.64,0.77,0.4,0.46,1.02,0.93,0.11,0.57,0.16,17760,0.11532068252563477
0.64,0.77,0.4,0.47,1.03,0.92,0.11,0.57,0.16,17801,0.11558246612548828
0.64,0.76,0.4,0.46,1.04,0.92,0.1,0.57,0.16,17008,0.11558246612548828
0.64,0.77,0.39,0.46,1.03,0.92,0.11,0.57,0.16,16971,0.1166222095489502
0.64,0.77,0.4,0.46,1.02,0.92,0.11,0.58,0.16,17474,0.1166222095489502
0.64,0.77,0.4,0.46,1.03,0.92,0.11,0.58,0.16,17507,0.1166222095489502
0.64,0.77,0.4,0.46,1.03,0.92,0.11,0.57,0.16,17310,0.11762046813964844
0.63,0.77,0.4,0.46,1.02,0.92,0.11,0.57,0.17,17757,0.11762046813964844
0.64,0.76,0.4,0.45,1.03,0.92,0.11,0.58,0.16,17650,0.11762046813964844
0.64,0.77,0.4,0.46,1.03,0.92,0.11,0.58,0.16,17491,0.11862015724182129
0.63,0.76,0.4,0.46,1.03,0.92,0.11,0.58,0.16,17412,0.11862015724182129
0.64,0.77,0.4,0.46,1.03,0.92,0.11,0.57,0.16,17167,0.11961984634399414
0.64,0.76,0.4,0.46,1.02,0.91,0.11,0.58,0.16,17128,0.11961984634399414
0.64,0.77,0.4,0.46,1.02,0.92,0.11,0.57,0.16,17351,0.11961984634399414
0.64,0.76,0.4,0.46,1.03,0.92,0.11,0.57,0.17,17472,0.1206197738647461
0.64,0.77,0.4,0.46,1.02,0.92,0.11,0.58,0.16,17693,0.12080764770507812
0.64,0.77,0.4,0.46,1.02,0.92,0.11,0.58,0.16,17462,0.12080764770507812
0.64,0.76,0.4,0.46,1.02,0.92,0.11,0.58,0.17,17331,0.12184858322143555
0.64,0.76,0.4,0.45,1.02,0.91,0.11,0.58,0.16,17420,0.12184858322143555
0.64,0.76,0.4,0.45,1.02,0.91,0.11,0.58,0.16,17477,0.12184858322143555
0.64,0.76,0.4,0.46,1.02,0.92,0.11,0.58,0.16,17052,0.12284374237060547
0.64,0.76,0.4,0.45,1.02,0.92,0.11,0.58,0.17,17317,0.12284374237060547
0.64,0.77,0.4,0.45,1.02,0.92,0.11,0.58,0.17,17532,0.12284374237060547
0.64,0.76,0.4,0.46,1.02,0.92,0.11,0.58,0.16,17133,0.12384295463562012
0.64,0.77,0.4,0.45,1.02,0.92,0.11,0.58,0.16,17492,0.12384295463562012
0.64,0.77,0.39,0.46,1.03,0.92,0.11,0.57,0.16,17699,0.12484288215637207
0.63,0.77,0.4,0.45,1.02,0.91,0.11,0.58,0.16,17114,0.12484288215637207
0.63,0.77,0.4,0.45,1.02,0.91,0.11,0.57,0.16,17515,0.12484288215637207
0.64,0.76,0.4,0.45,1.02,0.92,0.11,0.58,0.16,17754,0.12592005729675293
0.64,0.76,0.4,0.46,1.02,0.91,0.1,0.58,0.16,17417,0.12592005729675293
0.63,0.77,0.4,0.46,1.02,0.91,0.11,0.57,0.16,17720,0.12592005729675293
0.63,0.76,0.4,0.46,1.02,0.92,0.11,0.58,0.16,17641,0.12695622444152832
0.64,0.77,0.4,0.45,1.02,0.91,0.1,0.57,0.16,17374,0.12695622444152832
0.64,0.76,0.4,0.46,1.03,0.91,0.11,0.58,0.16,17349,0.12795376777648926
0.64,0.77,0.4,0.45,1.02,0.91,0.1,0.58,0.16,17010,0.12795376777648926
0.64,0.77,0.4,0.46,1.03,0.92,0.1,0.58,0.16,17435,0.12795376777648926
0.64,0.77,0.39,0.45,1.03,0.91,0.11,0.58,0.16,17688,0.1289539337158203
0.64,0.76,0.4,0.44,1.03,0.92,0.11,0.58,0.17,17355,0.1289539337158203
0.64,0.76,0.4,0.45,1.03,0.92,0.11,0.58,0.16,16774,0.1289539337158203
0.64,0.76,0.4,0.45,1.02,0.91,0.11,0.58,0.16,17475,0.12995457649230957
0.64,0.77,0.4,0.44,1.02,0.91,0.1,0.58,0.16,18104,0.12995457649230957
0.64,0.76,0.4,0.44,1.02,0.92,0.11,0.58,0.16,17815,0.12995457649230957
0.64,0.76,0.4,0.44,1.03,0.92,0.1,0.58,0.16,17478,0.13095378875732422
0.64,0.76,0.4,0.44,1.02,0.92,0.1,0.58,0.17,17905,0.13095378875732422
0.64,0.77,0.4,0.44,1.02,0.92,0.11,0.58,0.16,17892,0.13195586204528809
0.63,0.76,0.4,0.44,1.03,0.92,0.1,0.58,0.16,17461,0.13195586204528809
0.63,0.76,0.4,0.44,1.02,0.92,0.1,0.58,0.16,17476,0.13195586204528809
0.64,0.76,0.39,0.45,1.02,0.92,0.11,0.58,0.16,17405,0.1329667568206787
0.63,0.77,0.4,0.44,1.03,0.92,0.1,0.58,0.16,17176,0.1329667568206787
0.63,0.76,0.4,0.44,1.02,0.92,0.1,0.57,0.16,17281,0.13396716117858887
0.63,0.76,0.4,0.44,1.03,0.92,0.1,0.58,0.17,17214,0.13396716117858887
0.63,0.76,0.4,0.44,1.03,0.92,0.11,0.58,0.16,17155,0.13396716117858887
0.63,0.76,0.4,0.44,1.03,0.92,0.11,0.58,0.16,17286,0.13496637344360352
0.63,0.76,0.4,0.44,1.03,0.92,0.11,0.57,0.16,17725,0.13496637344360352
0.63,0.76,0.4,0.44,1.03,0.92,0.11,0.58,0.16,17680,0.13496637344360352
0.63,0.76,0.4,0.45,1.03,0.92,0.11,0.58,0.16,17919,0.13624906539916992
0.63,0.76,0.4,0.45,1.03,0.92,0.1,0.58,0.16,17816,0.13624906539916992
0.63,0.76,0.4,0.45,1.03,0.92,0.11,0.58,0.17,17517,0.13624906539916992
0.64,0.76,0.4,0.46,1.03,0.92,0.11,0.58,0.16,17280,0.1372969150543213
0.64,0.76,0.4,0.46,1.03,0.92,0.12,0.58,0.16,17429,0.1372969150543213
0.64,0.76,0.4,0.45,1.03,0.92,0.11,0.58,0.16,17480,0.1372969150543213
0.64,0.76,0.4,0.45,1.03,0.92,0.11,0.58,0.17,17319,0.1382918357849121
0.64,0.76,0.4,0.45,1.03,0.92,0.11,0.58,0.16,17332,0.1382918357849121
0.64,0.76,0.4,0.45,1.03,0.92,0.11,0.58,0.16,17577,0.13929533958435059
0.63,0.76,0.4,0.45,1.03,0.92,0.11,0.58,0.16,17376,0.13929533958435059
0.63,0.76,0.4,0.45,1.03,0.92,0.11,0.58,0.16,17417,0.13929533958435059
0.64,0.76,0.39,0.46,1.03,0.92,0.11,0.58,0.16,17560,0.14029479026794434
0.63,0.76,0.4,0.46,1.03,0.92,0.11,0.57,0.17,17577,0.14029479026794434
0.63,0.76,0.39,0.46,1.03,0.92,0.11,0.58,0.16,17242,0.14029479026794434
0.63,0.76,0.4,0.46,1.03,0.92,0.11,0.58,0.16,17129,0.14153456687927246
0.64,0.76,0.4,0.45,1.03,0.92,0.11,0.58,0.16,17706,0.14153456687927246
0.63,0.76,0.4,0.45,1.03,0.92,0.11,0.58,0.16,17485,0.14153456687927246
0.63,0.76,0.4,0.46,1.03,0.92,0.11,0.58,0.17,17170,0.14258265495300293
0.63,0.77,0.4,0.45,1.03,0.92,0.11,0.58,0.16,17097,0.14258265495300293
0.63,0.76,0.41,0.45,1.03,0.92,0.11,0.58,0.17,17294,0.14258265495300293
0.63,0.76,0.41,0.46,1.03,0.92,0.11,0.57,0.17,17511,0.14358162879943848
0.64,0.76,0.4,0.46,1.03,0.92,0.12,0.58,0.16,18086,0.14358162879943848
0.64,0.76,0.4,0.46,1.04,0.92,0.11,0.58,0.17,17911,0.14358162879943848
0.63,0.76,0.4,0.46,1.03,0.92,0.11,0.58,0.16,17540,0.14458060264587402
0.64,0.76,0.4,0.46,1.03,0.92,0.11,0.58,0.16,17577,0.14458060264587402
0.63,0.76,0.4,0.46,1.03,0.92,0.11,0.58,0.17,17462,0.14558029174804688
0.63,0.76,0.4,0.46,1.04,0.92,0.11,0.58,0.16,17489,0.14558029174804688
0.64,0.77,0.4,0.46,1.04,0.92,0.11,0.58,0.17,17260,0.14558029174804688
0.63,0.76,0.4,0.46,1.04,0.92,0.11,0.58,0.16,17229,0.14558029174804688
0.62,0.76,0.4,0.46,1.03,0.92,0.11,0.58,0.16,16692,0.14708900451660156
0.63,0.76,0.4,0.45,1.03,0.92,0.11,0.58,0.17,16815,0.1472911834716797
0.63,0.76,0.4,0.46,1.03,0.92,0.11,0.58,0.16,17408,0.1472911834716797
0.63,0.76,0.4,0.46,1.04,0.92,0.11,0.58,0.16,17369,0.1472911834716797
0.63,0.76,0.4,0.46,1.04,0.92,0.11,0.58,0.16,17140,0.14834380149841309
0.64,0.76,0.4,0.46,1.03,0.92,0.11,0.58,0.16,16969,0.14834380149841309
0.63,0.76,0.4,0.45,1.03,0.92,0.11,0.58,0.16,17186,0.14934110641479492
0.63,0.76,0.4,0.46,1.04,0.92,0.11,0.58,0.16,17405,0.14934110641479492
0.63,0.76,0.4,0.45,1.03,0.92,0.11,0.57,0.16,17012,0.14934110641479492
0.63,0.76,0.4,0.46,1.03,0.92,0.11,0.57,0.16,17561,0.15034174919128418
0.63,0.76,0.4,0.46,1.04,0.92,0.11,0.58,0.17,17412,0.15034174919128418
0.63,0.76,0.4,0.46,1.03,0.93,0.11,0.57,0.16,17221,0.15034174919128418
0.64,0.77,0.4,0.45,1.03,0.92,0.11,0.57,0.17,17568,0.15134143829345703
0.63,0.76,0.4,0.46,1.04,0.92,0.11,0.58,0.16,17399,0.15134143829345703
0.63,0.76,0.41,0.46,1.04,0.92,0.11,0.57,0.16,17326,0.15134143829345703
0.64,0.76,0.4,0.46,1.04,0.92,0.11,0.57,0.16,17867,0.15253067016601562
0.64,0.76,0.4,0.46,1.03,0.92,0.11,0.58,0.16,18042,0.15253067016601562
0.63,0.76,0.4,0.45,1.03,0.92,0.11,0.58,0.17,17641,0.15253067016601562
0.63,0.76,0.4,0.46,1.04,0.92,0.11,0.58,0.16,17718,0.15357089042663574
0.63,0.76,0.4,0.46,1.03,0.92,0.11,0.58,0.16,17269,0.15357089042663574
0.63,0.76,0.4,0.45,1.03,0.92,0.11,0.58,0.16,17292,0.15456604957580566
0.63,0.76,0.4,0.46,1.04,0.92,0.12,0.58,0.16,17117,0.15456604957580566
0.63,0.76,0.4,0.46,1.03,0.92,0.11,0.58,0.16,16714,0.15456604957580566
0.63,0.76,0.4,0.46,1.03,0.92,0.11,0.58,0.17,17151,0.15556669235229492
0.63,0.76,0.4,0.45,1.03,0.92,0.11,0.58,0.16,17496,0.15556669235229492
0.64,0.76,0.4,0.45,1.03,0.93,0.11,0.58,0.16,17501,0.15556669235229492
0.63,0.76,0.4,0.46,1.03,0.92,0.11,0.58,0.16,17624,0.15656542778015137
0.63,0.76,0.4,0.46,1.04,0.92,0.11,0.58,0.16,17767,0.15656542778015137
0.63,0.76,0.4,0.46,1.04,0.92,0.11,0.58,0.16,17328,0.15756511688232422
0.63,0.76,0.39,0.46,1.04,0.92,0.11,0.58,0.16,17093,0.15785694122314453
0.63,0.76,0.4,0.46,1.03,0.92,0.1,0.58,0.16,17198,0.15785694122314453
0.64,0.76,0.4,0.46,1.03,0.92,0.11,0.58,0.17,16861,0.15785694122314453
0.64,0.76,0.4,0.46,1.03,0.92,0.11,0.58,0.16,17214,0.1588602066040039
0.63,0.77,0.39,0.45,1.04,0.92,0.11,0.58,0.16,17153,0.1588602066040039
0.63,0.76,0.4,0.46,1.04,0.92,0.11,0.58,0.16,17556,0.15985798835754395
0.63,0.76,0.4,0.45,1.04,0.92,0.11,0.58,0.16,17593,0.15985798835754395
0.63,0.76,0.4,0.45,1.04,0.92,0.11,0.58,0.16,17198,0.15985798835754395
0.63,0.76,0.4,0.45,1.04,0.92,0.11,0.58,0.16,17209,0.1608579158782959
0.63,0.76,0.4,0.45,1.04,0.92,0.1,0.57,0.16,17574,0.1608579158782959
0.64,0.76,0.4,0.46,1.04,0.93,0.11,0.58,0.17,17241,0.1608579158782959
0.64,0.76,0.4,0.46,1.04,0.92,0.11,0.58,0.16,17384,0.16185760498046875
0.64,0.76,0.4,0.46,1.04,0.92,0.11,0.58,0.16,17725,0.16185760498046875
0.64,0.76,0.4,0.45,1.03,0.92,0.11,0.58,0.16,17170,0.16185760498046875
0.64,0.76,0.4,0.46,1.04,0.93,0.11,0.58,0.16,17169,0.1630551815032959
0.64,0.76,0.4,0.46,1.04,0.93,0.11,0.58,0.16,17378,0.1630551815032959
0.64,0.76,0.4,0.46,1.03,0.93,0.11,0.58,0.16,17685,0.1630551815032959
0.64,0.76,0.4,0.46,1.04,0.93,0.1,0.58,0.16,18076,0.16408848762512207
0.64,0.76,0.4,0.46,1.04,0.92,0.11,0.58,0.17,17915,0.16408848762512207
0.64,0.75,0.4,0.46,1.04,0.92,0.11,0.58,0.16,17250,0.16408848762512207
0.64,0.75,0.4,0.46,1.04,0.93,0.11,0.58,0.16,17039,0.1650862693786621
0.64,0.76,0.4,0.46,1.04,0.93,0.11,0.58,0.16,17184,0.1650862693786621
0.64,0.77,0.41,0.47,1.06,0.94,0.1,0.59,0.17,17847,0.16608524322509766
0.64,0.78,0.41,0.47,1.05,0.94,0.1,0.59,0.17,17104,0.16608524322509766
0.64,0.78,0.41,0.47,1.05,0.94,0.1,0.59,0.17,17099,0.16708660125732422
0.64,0.78,0.41,0.47,1.05,0.93,0.1,0.58,0.17,17566,0.16708660125732422
0.65,0.77,0.41,0.47,1.06,0.94,0.1,0.59,0.17,17653,0.16708660125732422
0.64,0.77,0.41,0.47,1.06,0.94,0.1,0.59,0.17,17286,0.16827797889709473
0.64,0.77,0.41,0.47,1.05,0.94,0.1,0.59,0.17,17245,0.16827797889709473
0.64,0.77,0.4,0.47,1.05,0.93,0.1,0.59,0.17,17528,0.16827797889709473
0.63,0.77,0.41,0.47,1.05,0.93,0.09,0.58,0.17,17851,0.1693120002746582
0.64,0.77,0.41,0.47,1.05,0.93,0.1,0.59,0.17,17772,0.1693120002746582
0.64,0.78,0.4,0.47,1.05,0.94,0.1,0.59,0.16,17701,0.1693120002746582
0.64,0.77,0.41,0.47,1.05,0.94,0.1,0.58,0.16,17532,0.17030930519104004
0.64,0.78,0.4,0.46,1.05,0.94,0.1,0.58,0.17,17559,0.17030930519104004
0.64,0.77,0.4,0.48,1.06,0.94,0.1,0.58,0.17,17646,0.171309232711792
0.64,0.78,0.41,0.47,1.05,0.94,0.1,0.58,0.17,16737,0.171309232711792
0.64,0.78,0.41,0.47,1.06,0.94,0.1,0.58,0.17,16742,0.171309232711792
0.64,0.78,0.41,0.47,1.06,0.94,0.1,0.59,0.17,17417,0.17231011390686035
0.64,0.77,0.41,0.47,1.06,0.93,0.1,0.59,0.17,17506,0.17231011390686035
0.64,0.78,0.41,0.47,1.05,0.93,0.1,0.58,0.17,17317,0.17231011390686035
0.64,0.78,0.41,0.47,1.06,0.94,0.1,0.58,0.17,17228,0.173309326171875
0.64,0.78,0.41,0.47,1.05,0.94,0.1,0.59,0.16,17061,0.173309326171875
0.64,0.78,0.41,0.47,1.05,0.94,0.1,0.59,0.17,17540,0.17430758476257324
0.64,0.78,0.41,0.47,1.05,0.93,0.1,0.58,0.17,17293,0.17430758476257324
0.64,0.77,0.4,0.47,1.05,0.93,0.1,0.58,0.17,17604,0.17430758476257324
0.64,0.78,0.41,0.47,1.05,0.94,0.1,0.58,0.17,17219,0.17531061172485352
0.64,0.78,0.41,0.47,1.05,0.93,0.09,0.59,0.17,17544,0.17531061172485352
0.64,0.77,0.4,0.46,1.05,0.93,0.1,0.59,0.17,17777,0.17531061172485352
0.64,0.78,0.41,0.46,1.06,0.93,0.1,0.58,0.17,17678,0.17631077766418457
0.65,0.77,0.4,0.47,1.05,0.93,0.1,0.59,0.17,17105,0.17631077766418457
0.65,0.78,0.41,0.47,1.05,0.93,0.1,0.59,0.17,17076,0.17731022834777832
0.64,0.77,0.41,0.46,1.05,0.93,0.1,0.58,0.17,17171,0.17731022834777832
0.63,0.77,0.4,0.45,1.05,0.94,0.09,0.59,0.16,17448,0.17731022834777832
0.62,0.78,0.41,0.46,1.06,0.93,0.1,0.58,0.17,18075,0.17830872535705566
0.62,0.78,0.4,0.46,1.06,0.94,0.1,0.58,0.17,17698,0.17830872535705566
0.63,0.78,0.4,0.46,1.06,0.93,0.09,0.58,0.17,17357,0.17830872535705566
0.63,0.77,0.4,0.46,1.05,0.94,0.1,0.58,0.17,17570,0.1793837547302246
0.63,0.77,0.4,0.47,1.06,0.94,0.1,0.58,0.17,17533,0.1793837547302246
0.63,0.77,0.4,0.46,1.06,0.94,0.1,0.58,0.17,17278,0.1793837547302246
0.63,0.77,0.4,0.45,1.06,0.94,0.1,0.58,0.17,17523,0.1804203987121582
0.62,0.77,0.41,0.46,1.06,0.93,0.09,0.58,0.17,17408,0.1804203987121582
0.63,0.77,0.4,0.46,1.06,0.93,0.1,0.58,0.17,17347,0.18141818046569824
0.64,0.77,0.4,0.46,1.06,0.93,0.1,0.58,0.17,17418,0.18141818046569824
0.63,0.77,0.4,0.46,1.06,0.94,0.1,0.58,0.17,17765,0.1824173927307129
0.63,0.77,0.4,0.44,1.05,0.93,0.09,0.58,0.17,17412,0.18652892112731934
0.63,0.77,0.4,0.46,1.05,0.93,0.1,0.58,0.16,17207,0.19069910049438477
0.63,0.77,0.4,0.45,1.06,0.93,0.1,0.59,0.17,17306,0.19069910049438477
0.63,0.77,0.4,0.45,1.06,0.93,0.09,0.58,0.17,17283,0.1956939697265625
0.64,0.77,0.4,0.45,1.06,0.93,0.1,0.58,0.17,17148,0.19869470596313477
0.64,0.77,0.4,0.45,1.06,0.93,0.1,0.58,0.17,17731,0.2029123306274414
0.63,0.77,0.4,0.45,1.06,0.94,0.1,0.58,0.17,17884,0.20391345024108887
0.63,0.77,0.4,0.45,1.06,0.94,0.1,0.58,0.17,17449,0.2068643569946289
0.62,0.77,0.4,0.45,1.06,0.94,0.1,0.58,0.17,17232,0.2108602523803711
0.63,0.77,0.41,0.45,1.06,0.94,0.09,0.58,0.17,17373,0.21587181091308594
0.62,0.77,0.4,0.44,1.05,0.94,0.1,0.58,0.17,17540,0.21587181091308594
0.64,0.77,0.4,0.46,1.05,0.94,0.1,0.58,0.17,17355,0.21987128257751465
0.63,0.77,0.4,0.45,1.06,0.94,0.1,0.58,0.17,17364,0.22387170791625977
0.64,0.77,0.4,0.45,1.06,0.94,0.1,0.58,0.17,17265,0.22817683219909668
0.63,0.77,0.4,0.45,1.06,0.94,0.1,0.58,0.17,17178,0.23117542266845703
0.63,0.77,0.4,0.45,1.06,0.93,0.1,0.58,0.17,16903,0.23218655586242676
0.63,0.77,0.4,0.45,1.06,0.94,0.1,0.58,0.16,17072,0.23558259010314941
0.63,0.77,0.4,0.46,1.06,0.93,0.09,0.58,0.17,17221,0.23958086967468262
0.63,0.77,0.4,0.45,1.06,0.93,0.09,0.58,0.17,17198,0.2435774803161621
0.64,0.77,0.4,0.45,1.06,0.94,0.1,0.58,0.17,17467,0.2435774803161621
0.63,0.77,0.4,0.46,1.06,0.94,0.1,0.58,0.17,17580,0.24810361862182617
0.63,0.77,0.4,0.46,1.06,0.94,0.1,0.58,0.17,17439,0.252211332321167
0.63,0.77,0.4,0.44,1.06,0.94,0.1,0.58,0.17,17484,0.25621604919433594
0.63,0.77,0.4,0.45,1.05,0.94,0.1,0.58,0.17,17463,0.25621604919433594
0.63,0.77,0.4,0.45,1.06,0.94,0.1,0.58,0.17,17214,0.2604038715362549
0.63,0.77,0.41,0.45,1.06,0.93,0.1,0.58,0.17,17441,0.2644619941711426
0.63,0.77,0.4,0.45,1.06,0.94,0.1,0.58,0.17,17330,0.268402099609375
0.63,0.77,0.4,0.45,1.05,0.94,0.1,0.58,0.17,17047,0.2694218158721924
0.63,0.77,0.4,0.45,1.06,0.94,0.1,0.58,0.17,17484,0.2724306583404541
0.63,0.77,0.4,0.45,1.06,0.94,0.1,0.59,0.17,17489,0.27642822265625
0.63,0.77,0.4,0.45,1.06,0.94,0.1,0.58,0.17,17110,0.28042173385620117
0.63,0.76,0.4,0.45,1.06,0.94,0.1,0.58,0.17,17325,0.2814216613769531
0.64,0.77,0.4,0.45,1.06,0.93,0.1,0.58,0.17,17586,0.2844712734222412
0.63,0.77,0.4,0.44,1.05,0.93,0.1,0.58,0.17,17519,0.28899359703063965
0.63,0.77,0.4,0.44,1.06,0.93,0.1,0.58,0.17,17010,0.29300832748413086
0.63,0.77,0.4,0.44,1.05,0.93,0.1,0.58,0.17,17127,0.2970149517059326
0.63,0.77,0.39,0.45,1.06,0.93,0.1,0.59,0.17,17520,0.2970149517059326
0.63,0.77,0.4,0.45,1.06,0.94,0.1,0.58,0.17,17475,0.30101990699768066
0.63,0.77,0.4,0.45,1.06,0.93,0.1,0.58,0.17,17650,0.3050656318664551
0.63,0.77,0.4,0.46,1.05,0.94,0.1,0.58,0.17,17659,0.30901384353637695
0.63,0.77,0.4,0.46,1.06,0.93,0.1,0.58,0.17,17632,0.30901384353637695
0.63,0.77,0.4,0.45,1.06,0.94,0.1,0.58,0.17,17187,0.3130147457122803
0.63,0.77,0.4,0.45,1.06,0.93,0.1,0.58,0.17,17146,0.318037748336792
0.63,0.77,0.4,0.44,1.05,0.94,0.1,0.58,0.17,16931,0.32111239433288574
0.63,0.77,0.4,0.44,1.06,0.93,0.11,0.58,0.16,17308,0.3221292495727539
0.63,0.77,0.4,0.46,1.06,0.94,0.1,0.58,0.17,17867,0.3261146545410156
0.63,0.77,0.4,0.46,1.06,0.94,0.1,0.58,0.17,17450,0.32989048957824707
0.63,0.77,0.4,0.46,1.06,0.93,0.1,0.58,0.17,17203,0.33392882347106934
0.63,0.77,0.4,0.46,1.06,0.93,0.1,0.58,0.17,17144,0.33493995666503906
0.63,0.78,0.4,0.46,1.06,0.93,0.1,0.58,0.17,17285,0.3389408588409424
0.63,0.77,0.4,0.46,1.06,0.94,0.1,0.58,0.17,17580,0.34192514419555664
0.62,0.77,0.4,0.46,1.06,0.93,0.1,0.58,0.16,17475,0.3459286689758301
0.62,0.78,0.4,0.46,1.06,0.93,0.1,0.58,0.17,17240,0.34743833541870117
0.62,0.77,0.4,0.46,1.06,0.94,0.1,0.58,0.17,17173,0.3502230644226074
0.63,0.77,0.4,0.46,1.06,0.93,0.1,0.58,0.16,16826,0.3547029495239258
0.63,0.78,0.4,0.46,1.06,0.93,0.1,0.58,0.17,17039,0.3587226867675781
0.63,0.78,0.4,0.46,1.06,0.93,0.1,0.58,0.17,17066,0.3587226867675781
0.62,0.77,0.4,0.46,1.06,0.93,0.1,0.57,0.16,17119,0.36287736892700195
0.62,0.78,0.4,0.46,1.05,0.94,0.1,0.58,0.17,17182,0.3670628070831299
0.62,0.77,0.4,0.46,1.06,0.94,0.1,0.58,0.17,17043,0.37087225914001465
0.63,0.78,0.4,0.45,1.06,0.94,0.09,0.58,0.17,17126,0.3751654624938965
0.62,0.78,0.4,0.46,1.06,0.94,0.1,0.58,0.17,17433,0.37618374824523926
0.63,0.78,0.4,0.46,1.06,0.94,0.1,0.58,0.17,17306,0.37989187240600586
0.63,0.77,0.4,0.46,1.06,0.94,0.1,0.58,0.17,17175,0.3838918209075928
0.63,0.78,0.4,0.46,1.05,0.94,0.1,0.58,0.17,16880,0.3871724605560303
0.63,0.77,0.4,0.46,1.06,0.93,0.1,0.58,0.17,17153,0.3878922462463379
0.63,0.77,0.4,0.46,1.06,0.94,0.1,0.58,0.17,17428,0.3918919563293457
0.63,0.77,0.4,0.46,1.06,0.94,0.1,0.58,0.17,17729,0.39598679542541504
0.63,0.78,0.4,0.45,1.05,0.94,0.1,0.58,0.17,17560,0.39989233016967773
0.63,0.77,0.4,0.46,1.06,0.94,0.1,0.58,0.17,17793,0.39989233016967773
0.63,0.77,0.4,0.46,1.06,0.94,0.1,0.58,0.17,17512,0.40479063987731934
0.63,0.77,0.4,0.46,1.06,0.94,0.1,0.58,0.17,17039,0.40754127502441406
0.63,0.78,0.4,0.45,1.06,0.93,0.1,0.58,0.17,17260,0.4122931957244873
0.63,0.77,0.4,0.46,1.06,0.93,0.1,0.58,0.17,17505,0.4132804870605469
0.63,0.78,0.4,0.45,1.06,0.94,0.1,0.58,0.17,17416,0.41628098487854004
0.63,0.78,0.4,0.45,1.05,0.93,0.1,0.58,0.17,17507,0.42024827003479004
0.62,0.77,0.4,0.45,1.06,0.93,0.1,0.58,0.17,17554,0.4242441654205322
0.63,0.77,0.4,0.45,1.05,0.93,0.1,0.58,0.17,17439,0.4252479076385498
0.63,0.77,0.4,0.46,1.05,0.94,0.1,0.58,0.17,17250,0.42766523361206055
0.63,0.77,0.4,0.46,1.06,0.93,0.1,0.58,0.17,16849,0.43270230293273926
0.63,0.77,0.4,0.45,1.06,0.94,0.1,0.58,0.17,17034,0.4367070198059082
0.63,0.78,0.4,0.46,1.06,0.93,0.1,0.57,0.17,17351,0.43970704078674316
0.63,0.77,0.4,0.45,1.06,0.94,0.1,0.59,0.17,17322,0.4407072067260742
0.63,0.77,0.4,0.45,1.06,0.93,0.1,0.58,0.17,17265,0.44481921195983887
0.63,0.77,0.39,0.46,1.05,0.93,0.1,0.58,0.17,17480,0.4493424892425537
0.63,0.77,0.4,0.46,1.06,0.94,0.1,0.58,0.17,17195,0.4525635242462158
0.63,0.77,0.4,0.46,1.06,0.94,0.1,0.58,0.17,17032,0.45356273651123047
0.63,0.78,0.4,0.46,1.05,0.93,0.1,0.58,0.17,17279,0.45656847953796387
0.63,0.78,0.4,0.45,1.06,0.93,0.1,0.58,0.17,17794,0.46097779273986816
0.63,0.78,0.4,0.46,1.06,0.93,0.09,0.58,0.17,17775,0.464571475982666
0.63,0.77,0.4,0.46,1.06,0.93,0.1,0.58,0.17,17396,0.46579718589782715
0.63,0.77,0.4,0.46,1.06,0.93,0.1,0.58,0.17,17523,0.4689517021179199
0.63,0.77,0.4,0.46,1.05,0.93,0.1,0.58,0.17,17568,0.47307491302490234
0.63,0.77,0.4,0.46,1.06,0.93,0.1,0.58,0.17,17269,0.4772307872772217
0.62,0.77,0.4,0.45,1.06,0.93,0.1,0.58,0.17,17328,0.47823095321655273
0.63,0.77,0.4,0.46,1.06,0.93,0.11,0.58,0.17,17633,0.4813835620880127
0.63,0.77,0.4,0.46,1.07,0.93,0.1,0.58,0.17,17792,0.4863872528076172
0.63,0.77,0.4,0.46,1.06,0.93,0.1,0.58,0.17,17629,0.48938536643981934
0.64,0.77,0.4,0.46,1.06,0.93,0.1,0.58,0.17,17418,0.48938536643981934
0.64,0.77,0.4,0.46,1.06,0.93,0.1,0.58,0.17,17407,0.493588924407959
0.63,0.77,0.4,0.46,1.06,0.93,0.1,0.58,0.16,17368,0.49844861030578613
0.64,0.77,0.4,0.46,1.06,0.93,0.1,0.58,0.17,17313,0.5017156600952148
0.63,0.77,0.4,0.46,1.06,0.93,0.1,0.58,0.16,17468,0.5055382251739502
0.64,0.78,0.4,0.46,1.06,0.93,0.1,0.58,0.17,17717,0.5061085224151611
0.63,0.77,0.4,0.46,1.06,0.93,0.1,0.59,0.17,17800,0.5107760429382324
0.63,0.77,0.4,0.46,1.06,0.93,0.1,0.58,0.17,17447,0.5142061710357666
0.64,0.77,0.4,0.46,1.06,0.93,0.1,0.58,0.17,17198,0.5177884101867676
0.64,0.77,0.4,0.46,1.06,0.93,0.1,0.58,0.17,17411,0.5177884101867676
0.63,0.78,0.4,0.47,1.06,0.94,0.1,0.58,0.17,17216,0.5223639011383057
0.63,0.77,0.4,0.46,1.06,0.93,0.1,0.58,0.17,17153,0.5273616313934326
0.63,0.77,0.4,0.46,1.06,0.93,0.1,0.58,0.17,17242,0.5297815799713135
0.63,0.77,0.4,0.47,1.06,0.94,0.1,0.58,0.17,17333,0.5307838916778564
0.63,0.77,0.4,0.47,1.06,0.93,0.1,0.58,0.17,17508,0.5347926616668701
0.63,0.77,0.4,0.47,1.06,0.93,0.1,0.58,0.17,17659,0.5386226177215576
0.63,0.77,0.4,0.46,1.06,0.93,0.1,0.58,0.17,17624,0.5423099994659424
0.63,0.77,0.4,0.46,1.05,0.93,0.1,0.58,0.17,17221,0.5433752536773682
0.63,0.77,0.4,0.46,1.06,0.93,0.1,0.59,0.17,17152,0.5479276180267334
0.63,0.77,0.4,0.46,1.06,0.93,0.1,0.59,0.17,17167,0.5520787239074707
0.63,0.78,0.4,0.46,1.06,0.93,0.1,0.58,0.17,17034,0.5550501346588135
0.63,0.78,0.4,0.46,1.06,0.93,0.1,0.58,0.17,16931,0.5550501346588135
0.63,0.77,0.4,0.45,1.06,0.93,0.1,0.58,0.17,17024,0.5590789318084717
0.63,0.77,0.4,0.46,1.06,0.93,0.1,0.58,0.17,17551,0.5640785694122314
0.63,0.77,0.4,0.46,1.06,0.93,0.09,0.58,0.17,17262,0.5680785179138184
0.63,0.77,0.4,0.46,1.06,0.93,0.1,0.58,0.17,17149,0.5680785179138184
0.63,0.77,0.4,0.46,1.06,0.93,0.1,0.58,0.17,17914,0.5726797580718994
0.63,0.78,0.4,0.46,1.06,0.93,0.1,0.58,0.17,17795,0.5758121013641357
0.63,0.77,0.4,0.46,1.06,0.93,0.1,0.58,0.17,17424,0.5809347629547119
0.63,0.77,0.4,0.46,1.05,0.93,0.1,0.59,0.17,17513,0.583991289138794
0.63,0.77,0.4,0.46,1.06,0.93,0.1,0.58,0.17,17018,0.5849137306213379
0.63,0.77,0.41,0.46,1.06,0.93,0.1,0.59,0.17,17033,0.5889348983764648
0.63,0.77,0.4,0.46,1.06,0.93,0.1,0.58,0.17,17424,0.5929343700408936
0.63,0.77,0.4,0.46,1.06,0.93,0.1,0.59,0.17,17247,0.596337080001831
0.63,0.77,0.4,0.47,1.06,0.93,0.1,0.58,0.17,17252,0.5973935127258301
0.63,0.77,0.4,0.47,1.06,0.93,0.1,0.59,0.17,17343,0.600823163986206
0.63,0.77,0.4,0.47,1.06,0.93,0.1,0.58,0.17,17426,0.6058437824249268
0.62,0.77,0.4,0.46,1.06,0.93,0.1,0.58,0.17,17527,0.6084921360015869
0.63,0.77,0.4,0.46,1.06,0.92,0.09,0.58,0.17,17170,0.6095428466796875
0.63,0.77,0.41,0.46,1.06,0.93,0.1,0.58,0.17,17025,0.6135423183441162
0.63,0.77,0.41,0.47,1.06,0.93,0.1,0.58,0.17,16782,0.616905927658081
0.63,0.78,0.41,0.47,1.05,0.93,0.1,0.58,0.17,17199,0.6210947036743164
0.63,0.78,0.41,0.47,1.06,0.93,0.1,0.58,0.17,17532,0.6220762729644775
0.63,0.77,0.4,0.47,1.06,0.93,0.1,0.58,0.17,17177,0.6250758171081543
0.63,0.77,0.41,0.47,1.05,0.93,0.1,0.59,0.17,17054,0.6295337677001953
0.63,0.77,0.41,0.47,1.05,0.93,0.1,0.58,0.17,17373,0.6336936950683594
0.63,0.77,0.4,0.46,1.06,0.93,0.1,0.59,0.17,17422,0.6336936950683594
0.63,0.77,0.4,0.46,1.06,0.93,0.1,0.58,0.17,17113,0.6377108097076416
0.63,0.77,0.41,0.46,1.06,0.93,0.1,0.58,0.17,17438,0.6414875984191895
0.63,0.77,0.4,0.47,1.06,0.93,0.1,0.58,0.16,17507,0.6456365585327148
0.63,0.77,0.4,0.46,1.05,0.93,0.1,0.58,0.17,17622,0.6466271877288818
0.63,0.77,0.4,0.47,1.06,0.93,0.1,0.58,0.17,16891,0.6501474380493164
0.63,0.77,0.4,0.47,1.06,0.93,0.1,0.58,0.17,17066,0.6541569232940674
0.63,0.77,0.4,0.47,1.06,0.93,0.1,0.58,0.17,17289,0.6581473350524902
0.63,0.77,0.4,0.47,1.06,0.93,0.1,0.58,0.17,17386,0.6581473350524902
0.63,0.77,0.4,0.47,1.06,0.93,0.1,0.58,0.17,17375,0.66257643699646
0.63,0.78,0.4,0.47,1.06,0.93,0.1,0.58,0.17,17570,0.6662144660949707
0.63,0.77,0.41,0.47,1.06,0.93,0.1,0.58,0.17,17631,0.6712679862976074
0.63,0.77,0.4,0.47,1.06,0.93,0.1,0.58,0.17,17642,0.6738598346710205
0.63,0.77,0.41,0.47,1.06,0.93,0.1,0.58,0.17,17223,0.6749281883239746
0.63,0.78,0.4,0.47,1.06,0.93,0.1,0.58,0.17,17008,0.6789491176605225
0.63,0.77,0.4,0.47,1.06,0.93,0.1,0.58,0.17,17335,0.6829488277435303
0.63,0.78,0.4,0.47,1.05,0.93,0.1,0.58,0.17,17084,0.6862235069274902
0.63,0.77,0.4,0.47,1.05,0.93,0.1,0.58,0.17,16921,0.6869490146636963
0.63,0.77,0.4,0.47,1.06,0.93,0.1,0.58,0.17,16604,0.6903409957885742
0.63,0.77,0.4,0.46,1.06,0.93,0.1,0.58,0.16,16687,0.694812536239624
0.62,0.77,0.4,0.47,1.06,0.93,0.1,0.58,0.16,16890,0.6983797550201416
0.63,0.77,0.4,0.47,1.06,0.93,0.1,0.58,0.17,16857,0.6994020938873291
0.62,0.77,0.4,0.47,1.06,0.93,0.1,0.58,0.17,17326,0.7034108638763428
0.63,0.77,0.4,0.47,1.06,0.93,0.1,0.58,0.17,17623,0.7074003219604492
0.63,0.77,0.4,0.47,1.06,0.93,0.1,0.58,0.17,17856,0.7111048698425293
0.62,0.77,0.4,0.46,1.06,0.93,0.1,0.58,0.17,17925,0.7121586799621582
0.62,0.77,0.4,0.47,1.06,0.93,0.1,0.58,0.17,17338,0.715418815612793
0.63,0.77,0.4,0.47,1.06,0.93,0.1,0.58,0.17,17379,0.7192256450653076
0.62,0.77,0.4,0.47,1.06,0.93,0.1,0.58,0.17,17316,0.72420334815979
0.62,0.77,0.4,0.47,1.06,0.93,0.1,0.58,0.17,16719,0.72420334815979
0.62,0.77,0.4,0.47,1.06,0.93,0.09,0.58,0.17,17026,0.727466344833374
0.63,0.77,0.4,0.47,1.06,0.93,0.1,0.58,0.17,17211,0.7316174507141113
0.62,0.77,0.4,0.47,1.06,0.93,0.1,0.58,0.17,17038,0.7358665466308594
0.63,0.77,0.4,0.47,1.06,0.93,0.1,0.58,0.17,17059,0.7368276119232178
0.62,0.77,0.4,0.47,1.06,0.93,0.1,0.58,0.17,16934,0.7398619651794434
0.62,0.77,0.4,0.47,1.06,0.93,0.1,0.58,0.17,17277,0.7440769672393799
0.62,0.77,0.4,0.47,1.06,0.93,0.1,0.58,0.17,17044,0.7491075992584229
0.62,0.77,0.4,0.47,1.06,0.93,0.1,0.58,0.17,16869,0.7516074180603027
0.62,0.77,0.39,0.46,1.06,0.93,0.1,0.58,0.16,17306,0.7523243427276611
0.62,0.77,0.4,0.47,1.05,0.93,0.1,0.58,0.17,17889,0.755723237991333
0.62,0.78,0.4,0.47,1.06,0.93,0.1,0.59,0.17,17468,0.7600128650665283
0.62,0.77,0.41,0.47,1.06,0.93,0.1,0.58,0.17,17285,0.7640938758850098
0.62,0.77,0.4,0.46,1.06,0.93,0.1,0.58,0.16,17530,0.7653384208679199
0.62,0.77,0.4,0.47,1.06,0.93,0.1,0.58,0.17,17469,0.769411563873291
0.62,0.77,0.4,0.47,1.06,0.93,0.1,0.58,0.16,17496,0.7724053859710693
0.62,0.77,0.41,0.47,1.06,0.93,0.1,0.58,0.17,17527,0.7774043083190918
0.62,0.77,0.4,0.47,1.06,0.93,0.1,0.58,0.17,17548,0.7774043083190918
0.62,0.77,0.41,0.47,1.06,0.93,0.1,0.58,0.17,17329,0.780402660369873
0.62,0.77,0.4,0.47,1.06,0.93,0.1,0.58,0.16,17162,0.7846109867095947
0.62,0.77,0.4,0.47,1.06,0.93,0.1,0.58,0.17,16919,0.7890644073486328
0.62,0.77,0.4,0.47,1.06,0.93,0.1,0.58,0.17,17046,0.7890644073486328
0.62,0.77,0.4,0.47,1.06,0.93,0.1,0.58,0.17,17223,0.792701244354248
0.62,0.77,0.4,0.47,1.05,0.93,0.1,0.58,0.17,17472,0.7970147132873535
0.62,0.77,0.4,0.47,1.06,0.93,0.1,0.58,0.16,17955,0.8020107746124268
0.62,0.77,0.41,0.47,1.06,0.93,0.1,0.58,0.16,17782,0.8020107746124268
0.62,0.77,0.4,0.47,1.06,0.93,0.1,0.58,0.17,17305,0.8052864074707031
0.62,0.77,0.4,0.47,1.06,0.93,0.1,0.58,0.17,17026,0.8093271255493164
0.62,0.77,0.4,0.47,1.05,0.93,0.1,0.58,0.17,16975,0.8136494159698486
0.62,0.77,0.4,0.47,1.06,0.93,0.1,0.58,0.16,17198,0.814694881439209
0.62,0.77,0.4,0.47,1.06,0.93,0.1,0.58,0.17,17331,0.8179681301116943
0.62,0.77,0.4,0.47,1.06,0.93,0.1,0.58,0.17,17722,0.8215148448944092
0.62,0.77,0.41,0.47,1.06,0.93,0.1,0.58,0.16,17817,0.8265523910522461
0.62,0.77,0.4,0.47,1.06,0.93,0.1,0.58,0.17,17690,0.8298008441925049
0.62,0.77,0.4,0.47,1.06,0.93,0.09,0.58,0.17,17573,0.8298008441925049
0.62,0.77,0.4,0.47,1.06,0.93,0.11,0.58,0.17,16970,0.834343671798706
0.62,0.77,0.4,0.47,1.06,0.93,0.11,0.58,0.17,16781,0.838343620300293
0.62,0.77,0.4,0.47,1.06,0.93,0.1,0.58,0.17,17400,0.8424756526947021
0.62,0.76,0.4,0.47,1.06,0.93,0.1,0.58,0.16,17483,0.8424756526947021
0.62,0.76,0.4,0.47,1.06,0.93,0.1,0.58,0.17,17232,0.846698522567749
0.62,0.76,0.4,0.47,1.06,0.93,0.1,0.58,0.17,17059,0.8509945869445801
0.62,0.77,0.4,0.47,1.06,0.93,0.1,0.59,0.17,17178,0.8548040390014648
0.62,0.77,0.4,0.46,1.06,0.94,0.1,0.59,0.17,17239,0.8558478355407715
0.62,0.77,0.4,0.47,1.06,0.93,0.1,0.59,0.17,16766,0.8584225177764893
0.62,0.77,0.4,0.47,1.05,0.93,0.1,0.58,0.17,17019,0.8634262084960938
0.62,0.77,0.4,0.46,1.06,0.93,0.1,0.58,0.17,17356,0.8667807579040527
0.62,0.77,0.4,0.47,1.06,0.93,0.1,0.58,0.17,17029,0.8677170276641846
0.62,0.77,0.41,0.47,1.06,0.93,0.1,0.58,0.17,17082,0.8717126846313477
0.62,0.76,0.4,0.47,1.06,0.93,0.1,0.58,0.17,17309,0.8749876022338867
0.62,0.77,0.41,0.47,1.05,0.93,0.1,0.58,0.17,17548,0.8790261745452881
0.62,0.77,0.41,0.47,1.06,0.93,0.1,0.58,0.17,17707,0.8800168037414551
0.62,0.77,0.41,0.47,1.06,0.93,0.1,0.58,0.17,17512,0.8826134204864502
0.62,0.76,0.4,0.46,1.06,0.93,0.1,0.58,0.17,17179,0.8867425918579102
0.62,0.76,0.4,0.46,1.06,0.93,0.1,0.59,0.17,16958,0.8912758827209473
0.62,0.76,0.41,0.47,1.06,0.93,0.1,0.59,0.17,17163,0.8942725658416748
0.62,0.77,0.4,0.46,1.06,0.93,0.1,0.59,0.16,17264,0.8952767848968506
0.62,0.77,0.4,0.46,1.06,0.93,0.1,0.58,0.17,17417,0.8992767333984375
0.62,0.77,0.41,0.46,1.06,0.93,0.1,0.58,0.16,17762,0.9033830165863037
0.62,0.77,0.4,0.45,1.06,0.93,0.1,0.58,0.17,17375,0.9072818756103516
0.62,0.77,0.41,0.46,1.06,0.93,0.1,0.59,0.17,17106,0.908348798751831
0.62,0.76,0.4,0.46,1.06,0.93,0.1,0.58,0.17,17331,0.9123132228851318
0.62,0.77,0.4,0.46,1.06,0.93,0.1,0.58,0.17,17170,0.9160664081573486
0.62,0.77,0.4,0.47,1.06,0.93,0.1,0.58,0.17,17383,0.9200048446655273
0.62,0.77,0.4,0.46,1.06,0.93,0.1,0.58,0.17,17570,0.92106032371521
0.62,0.76,0.41,0.46,1.06,0.93,0.09,0.59,0.17,17009,0.9242618083953857
0.62,0.77,0.4,0.46,1.06,0.93,0.1,0.58,0.17,17132,0.9283459186553955
0.63,0.76,0.4,0.46,1.06,0.93,0.1,0.58,0.17,17147,0.9323692321777344
0.62,0.76,0.4,0.47,1.06,0.93,0.1,0.58,0.17,17418,0.9333491325378418
0.63,0.77,0.4,0.46,1.06,0.93,0.1,0.59,0.17,17009,0.9365828037261963
0.63,0.77,0.4,0.46,1.06,0.93,0.1,0.58,0.17,17088,0.940549373626709
0.63,0.77,0.41,0.46,1.06,0.93,0.1,0.59,0.17,17431,0.9449038505554199
0.63,0.77,0.4,0.46,1.06,0.93,0.1,0.58,0.17,17558,0.9449038505554199
0.63,0.77,0.4,0.46,1.05,0.93,0.1,0.59,0.17,17401,0.9485528469085693
0.63,0.77,0.4,0.46,1.06,0.93,0.1,0.59,0.17,16764,0.9522604942321777
0.63,0.77,0.4,0.47,1.06,0.93,0.1,0.59,0.17,16527,0.9568932056427002
0.63,0.77,0.4,0.46,1.06,0.93,0.1,0.59,0.17,17184,0.9579052925109863
0.63,0.77,0.4,0.46,1.06,0.93,0.1,0.59,0.17,17115,0.9613213539123535
0.63,0.77,0.4,0.46,1.06,0.93,0.1,0.59,0.17,17166,0.9655389785766602
0.63,0.77,0.4,0.46,1.06,0.93,0.1,0.59,0.17,17097,0.9700727462768555
0.63,0.77,0.4,0.46,1.06,0.93,0.1,0.59,0.17,16990,0.9729495048522949
0.63,0.76,0.4,0.46,1.06,0.93,0.1,0.59,0.17,16983,0.9729495048522949
0.63,0.77,0.41,0.46,1.06,0.93,0.1,0.59,0.17,17494,0.9775891304016113
0.63,0.76,0.41,0.46,1.06,0.93,0.1,0.59,0.17,17533,0.981661319732666
0.63,0.77,0.41,0.46,1.06,0.94,0.1,0.59,0.17,16974,0.9851682186126709
0.64,0.77,0.4,0.46,1.06,0.93,0.1,0.59,0.16,17391,0.9862148761749268
0.63,0.77,0.4,0.46,1.06,0.93,0.11,0.59,0.17,17678,0.989250659942627
0.63,0.77,0.4,0.46,1.06,0.93,0.1,0.59,0.17,17673,0.9942529201507568
0.63,0.77,0.4,0.46,1.06,0.93,0.1,0.58,0.17,17566,0.9978137016296387
0.63,0.77,0.41,0.46,1.05,0.93,0.1,0.59,0.16,17483,0.9978137016296387
0.63,0.77,0.41,0.46,1.06,0.93,0.1,0.59,0.17,17664,1.0020864009857178
0.63,0.77,0.41,0.46,1.06,0.93,0.1,0.59,0.17,17049,1.0056390762329102
0.63,0.77,0.41,0.46,1.06,0.93,0.1,0.58,0.17,17030,1.0101056098937988
0.63,0.77,0.41,0.46,1.06,0.93,0.1,0.59,0.17,17387,1.0101056098937988
0.63,0.77,0.41,0.46,1.06,0.93,0.1,0.58,0.17,17592,1.014117956161499
0.63,0.77,0.4,0.46,1.06,0.93,0.1,0.58,0.17,17609,1.0184311866760254
0.64,0.77,0.41,0.46,1.06,0.93,0.1,0.59,0.17,17282,1.022171974182129
0.63,0.77,0.41,0.46,1.06,0.93,0.1,0.58,0.17,17159,1.022171974182129
0.63,0.77,0.41,0.46,1.06,0.93,0.1,0.58,0.17,17056,1.0268158912658691
0.64,0.77,0.41,0.46,1.06,0.93,0.1,0.59,0.17,16993,1.0308177471160889
0.63,0.77,0.4,0.46,1.06,0.93,0.1,0.58,0.17,16592,1.0341567993164062
0.63,0.77,0.4,0.46,1.06,0.93,0.1,0.59,0.17,16743,1.0381336212158203
0.63,0.76,0.41,0.46,1.07,0.94,0.1,0.58,0.17,16890,1.0381336212158203
0.63,0.77,0.4,0.46,1.06,0.94,0.1,0.58,0.17,16757,1.0424432754516602
0.64,0.77,0.41,0.46,1.07,0.93,0.1,0.58,0.17,16600,1.0472533702850342
0.64,0.77,0.41,0.46,1.07,0.93,0.1,0.58,0.17,17463,1.050018548965454
0.63,0.77,0.4,0.46,1.07,0.93,0.1,0.58,0.16,17804,1.0510172843933105
0.64,0.77,0.4,0.46,1.07,0.94,0.1,0.59,0.17,17571,1.0551741123199463
0.64,0.76,0.41,0.46,1.06,0.93,0.1,0.58,0.17,17782,1.0591692924499512
0.64,0.77,0.41,0.45,1.07,0.93,0.1,0.58,0.17,17143,1.0625030994415283
0.64,0.77,0.41,0.46,1.07,0.93,0.1,0.58,0.17,17236,1.0635058879852295
0.64,0.77,0.4,0.46,1.06,0.93,0.1,0.58,0.17,17449,1.0678002834320068
0.64,0.77,0.4,0.47,1.07,0.93,0.1,0.59,0.17,16956,1.0720629692077637
0.64,0.77,0.4,0.46,1.07,0.93,0.1,0.59,0.16,17185,1.0753276348114014
0.64,0.77,0.4,0.46,1.07,0.93,0.1,0.59,0.17,16886,1.07637357711792
0.64,0.77,0.4,0.46,1.07,0.93,0.09,0.58,0.17,17001,1.0803859233856201
0.64,0.77,0.4,0.46,1.07,0.93,0.1,0.58,0.17,17526,1.083505630493164
0.64,0.77,0.4,0.46,1.06,0.93,0.1,0.58,0.17,17417,1.0874145030975342
0.63,0.77,0.4,0.46,1.07,0.93,0.1,0.58,0.17,16904,1.0884716510772705
0.64,0.77,0.4,0.46,1.06,0.94,0.1,0.58,0.17,17229,1.0917840003967285
0.63,0.77,0.4,0.46,1.06,0.93,0.1,0.58,0.17,17112,1.0958046913146973
0.64,0.77,0.41,0.46,1.06,0.93,0.1,0.58,0.17,16921,1.1008048057556152
0.63,0.77,0.4,0.46,1.07,0.93,0.1,0.58,0.17,17372,1.10404634475708
0.63,0.77,0.4,0.46,1.07,0.94,0.1,0.58,0.17,17427,1.1047847270965576
0.63,0.77,0.4,0.46,1.07,0.93,0.1,0.58,0.17,17510,1.1093378067016602
0.64,0.77,0.4,0.46,1.06,0.93,0.1,0.58,0.16,17251,1.112858533859253
0.64,0.77,0.4,0.46,1.07,0.93,0.1,0.58,0.16,17366,1.116529941558838
0.64,0.77,0.4,0.46,1.06,0.93,0.1,0.58,0.17,17339,1.116529941558838
0.64,0.77,0.4,0.46,1.06,0.93,0.1,0.58,0.17,17332,1.121603012084961
0.64,0.77,0.41,0.45,1.06,0.93,0.1,0.58,0.17,17639,1.1253736019134521
0.63,0.77,0.4,0.45,1.06,0.93,0.1,0.58,0.17,17294,1.128779411315918
0.63,0.77,0.4,0.45,1.06,0.93,0.1,0.58,0.17,17105,1.128779411315918
0.64,0.77,0.4,0.45,1.06,0.93,0.1,0.58,0.17,17166,1.132878303527832
0.64,0.77,0.4,0.46,1.06,0.93,0.1,0.58,0.17,17029,1.138091802597046
0.63,0.77,0.4,0.46,1.06,0.93,0.1,0.58,0.17,17056,1.1406242847442627
0.63,0.77,0.41,0.46,1.07,0.93,0.1,0.58,0.17,17231,1.1416935920715332
0.63,0.77,0.4,0.46,1.07,0.93,0.1,0.58,0.17,17442,1.1449763774871826
0.63,0.77,0.4,0.46,1.07,0.93,0.1,0.58,0.17,17737,1.1498191356658936
0.63,0.77,0.4,0.45,1.07,0.93,0.1,0.58,0.17,17422,1.1533267498016357
0.64,0.76,0.4,0.46,1.07,0.93,0.1,0.58,0.17,17149,1.1540918350219727
0.63,0.77,0.4,0.46,1.07,0.93,0.1,0.58,0.17,17300,1.1580920219421387
0.64,0.77,0.4,0.46,1.07,0.93,0.1,0.58,0.17,17629,1.161405324935913
0.63,0.77,0.4,0.45,1.07,0.93,0.1,0.58,0.17,17500,1.165438175201416
0.64,0.77,0.4,0.45,1.07,0.93,0.1,0.58,0.17,17515,1.166438102722168
0.64,0.76,0.4,0.46,1.07,0.93,0.1,0.58,0.17,17180,1.169445514678955
0.63,0.77,0.4,0.45,1.07,0.93,0.1,0.58,0.17,17083,1.1739249229431152
0.64,0.77,0.4,0.45,1.07,0.93,0.09,0.58,0.17,17118,1.1783483028411865
0.63,0.76,0.4,0.46,1.07,0.93,0.1,0.58,0.16,17179,1.181675910949707
0.64,0.77,0.4,0.46,1.07,0.94,0.1,0.58,0.17,17382,1.1826245784759521
0.64,0.77,0.4,0.46,1.06,0.94,0.1,0.58,0.17,17597,1.1857376098632812
0.63,0.76,0.4,0.45,1.06,0.94,0.1,0.58,0.17,17316,1.1906380653381348
0.63,0.77,0.4,0.46,1.07,0.94,0.1,0.58,0.17,17479,1.1943085193634033
0.64,0.77,0.4,0.46,1.07,0.93,0.1,0.58,0.17,17242,1.195166826248169
0.64,0.76,0.4,0.45,1.07,0.93,0.1,0.58,0.17,17357,1.1986987590789795
0.63,0.77,0.4,0.46,1.07,0.93,0.1,0.58,0.17,17484,1.2026429176330566
0.63,0.77,0.4,0.46,1.06,0.94,0.1,0.58,0.17,17127,1.206691026687622
0.64,0.77,0.4,0.46,1.06,0.93,0.1,0.58,0.16,16798,1.206691026687622
0.63,0.77,0.4,0.46,1.07,0.93,0.1,0.58,0.16,17297,1.2107396125793457
0.63,0.77,0.4,0.46,1.07,0.93,0.1,0.58,0.17,17492,1.2149133682250977
0.63,0.77,0.41,0.46,1.07,0.93,0.1,0.58,0.17,17031,1.2189607620239258
0.63,0.77,0.4,0.46,1.07,0.93,0.1,0.58,0.17,17500,1.2199597358703613
0.63,0.77,0.4,0.46,1.07,0.94,0.1,0.58,0.17,17655,1.223085880279541
0.63,0.77,0.4,0.46,1.06,0.93,0.1,0.58,0.17,17280,1.2272825241088867
0.64,0.77,0.41,0.46,1.07,0.94,0.1,0.58,0.17,17291,1.2308259010314941
0.63,0.77,0.41,0.46,1.06,0.93,0.1,0.58,0.16,17086,1.2318377494812012
0.63,0.77,0.4,0.46,1.07,0.94,0.1,0.58,0.17,17375,1.2361431121826172
0.63,0.77,0.4,0.45,1.07,0.93,0.1,0.58,0.17,17416,1.2401318550109863
0.63,0.77,0.4,0.46,1.06,0.94,0.1,0.58,0.17,17183,1.2442526817321777
0.64,0.77,0.4,0.46,1.06,0.94,0.1,0.58,0.17,17110,1.2480146884918213
0.63,0.77,0.4,0.46,1.06,0.93,0.1,0.58,0.17,17291,1.2480146884918213
0.63,0.77,0.41,0.45,1.06,0.93,0.09,0.58,0.17,17324,1.2524302005767822
0.63,0.77,0.4,0.46,1.06,0.93,0.1,0.58,0.17,17005,1.2554190158843994
0.64,0.77,0.4,0.46,1.06,0.93,0.1,0.58,0.17,17360,1.2597877979278564
0.64,0.77,0.4,0.46,1.06,0.93,0.1,0.58,0.17,17273,1.2604601383209229
0.64,0.77,0.4,0.46,1.06,0.93,0.1,0.58,0.17,17360,1.2637484073638916
0.64,0.76,0.4,0.46,1.06,0.93,0.1,0.58,0.17,17343,1.268343210220337
0.64,0.77,0.41,0.46,1.06,0.93,0.1,0.58,0.17,16970,1.2723355293273926
0.63,0.77,0.4,0.46,1.06,0.93,0.1,0.58,0.17,17253,1.2733421325683594
0.63,0.77,0.41,0.46,1.06,0.93,0.1,0.59,0.17,17440,1.2765016555786133
0.64,0.77,0.4,0.46,1.06,0.94,0.1,0.58,0.17,17133,1.2806000709533691
0.64,0.77,0.4,0.46,1.06,0.94,0.09,0.58,0.17,17378,1.2845492362976074
0.64,0.77,0.41,0.46,1.06,0.94,0.1,0.58,0.17,17259,1.2855944633483887
0.63,0.77,0.4,0.46,1.06,0.94,0.1,0.58,0.17,16994,1.2885918617248535
0.63,0.77,0.4,0.47,1.06,0.94,0.1,0.58,0.16,16821,1.2927567958831787
0.63,0.77,0.4,0.46,1.05,0.94,0.1,0.58,0.17,17272,1.296403169631958
0.63,0.77,0.4,0.47,1.06,0.94,0.1,0.58,0.17,17675,1.297461986541748
0.64,0.77,0.4,0.46,1.06,0.94,0.1,0.58,0.17,17562,1.3007862567901611
0.63,0.77,0.4,0.46,1.05,0.94,0.1,0.58,0.17,17121,1.3049485683441162
0.63,0.77,0.4,0.46,1.05,0.94,0.1,0.58,0.17,17240,1.3091261386871338
0.64,0.77,0.4,0.46,1.05,0.94,0.1,0.58,0.17,16879,1.3101871013641357
0.64,0.77,0.4,0.46,1.06,0.93,0.1,0.58,0.17,17056,1.3136100769042969
0.63,0.77,0.4,0.46,1.06,0.94,0.1,0.58,0.17,17449,1.3173015117645264
0.63,0.77,0.4,0.46,1.06,0.93,0.1,0.58,0.16,17164,1.3213226795196533
0.63,0.77,0.4,0.45,1.06,0.93,0.1,0.58,0.16,17017,1.3256621360778809
0.63,0.77,0.4,0.46,1.06,0.93,0.1,0.58,0.17,17404,1.3256621360778809
0.64,0.77,0.4,0.46,1.05,0.94,0.09,0.58,0.17,17345,1.32969069480896
0.64,0.77,0.4,0.46,1.05,0.93,0.1,0.58,0.17,17424,1.3337256908416748
0.64,0.77,0.4,0.46,1.06,0.93,0.1,0.58,0.17,17739,1.3377861976623535
0.64,0.77,0.4,0.46,1.06,0.93,0.1,0.58,0.17,17562,1.3388371467590332
0.63,0.77,0.4,0.46,1.06,0.93,0.1,0.58,0.17,17329,1.3419511318206787
0.64,0.77,0.4,0.46,1.06,0.93,0.1,0.58,0.16,17536,1.3469724655151367
0.64,0.77,0.4,0.46,1.06,0.94,0.1,0.58,0.17,17673,1.3502814769744873
0.64,0.77,0.4,0.46,1.05,0.94,0.1,0.59,0.16,17638,1.3502814769744873
0.64,0.78,0.41,0.47,1.06,0.93,0.1,0.58,0.17,17547,1.355086088180542
0.63,0.77,0.4,0.46,1.05,0.93,0.1,0.59,0.17,17312,1.3588740825653076
0.63,0.77,0.4,0.46,1.06,0.93,0.1,0.58,0.16,17023,1.3623106479644775
0.64,0.77,0.4,0.46,1.05,0.93,0.1,0.59,0.17,17352,1.363368034362793
0.64,0.77,0.4,0.46,1.06,0.93,0.1,0.59,0.17,17455,1.3673629760742188
0.64,0.78,0.4,0.46,1.06,0.93,0.1,0.59,0.17,17022,1.370356798171997
0.64,0.77,0.4,0.46,1.06,0.93,0.1,0.58,0.17,17293,1.3753626346588135
0.64,0.77,0.4,0.47,1.05,0.93,0.1,0.58,0.17,17518,1.3753626346588135
0.64,0.78,0.4,0.46,1.05,0.93,0.1,0.58,0.17,16855,1.3793632984161377
0.64,0.78,0.4,0.46,1.06,0.93,0.1,0.59,0.17,17048,1.3827881813049316
0.63,0.77,0.4,0.46,1.06,0.93,0.1,0.58,0.16,17175,1.3869783878326416
0.64,0.77,0.4,0.46,1.06,0.93,0.1,0.59,0.17,17466,1.3909416198730469
0.64,0.77,0.4,0.46,1.06,0.93,0.1,0.58,0.17,16873,1.3909416198730469
0.63,0.77,0.4,0.46,1.06,0.93,0.1,0.59,0.17,16628,1.3943474292755127
0.64,0.77,0.4,0.47,1.06,0.93,0.09,0.58,0.17,17441,1.400031566619873
0.63,0.77,0.4,0.46,1.06,0.93,0.1,0.59,0.17,17532,1.4034435749053955
0.63,0.77,0.4,0.46,1.06,0.93,0.1,0.58,0.17,17167,1.4044227600097656
0.63,0.77,0.4,0.46,1.06,0.93,0.1,0.59,0.17,16802,1.4074304103851318
0.64,0.77,0.4,0.46,1.06,0.93,0.1,0.58,0.17,16887,1.4124510288238525
0.64,0.77,0.41,0.46,1.06,0.94,0.1,0.58,0.17,17074,1.4151556491851807
0.64,0.77,0.4,0.46,1.06,0.93,0.1,0.58,0.17,16771,1.416219711303711
0.63,0.77,0.4,0.46,1.06,0.94,0.1,0.59,0.17,16458,1.4204230308532715
0.64,0.77,0.41,0.46,1.06,0.94,0.1,0.59,0.17,17001,1.423699140548706
0.64,0.78,0.4,0.47,1.06,0.93,0.1,0.59,0.16,17340,1.4278573989868164
0.64,0.77,0.4,0.46,1.06,0.94,0.1,0.58,0.17,17023,1.4287450313568115
0.64,0.77,0.4,0.46,1.06,0.93,0.1,0.58,0.17,16702,1.4318125247955322
0.64,0.77,0.4,0.46,1.06,0.93,0.1,0.58,0.17,17085,1.4362776279449463
0.64,0.77,0.4,0.46,1.06,0.93,0.1,0.59,0.17,17438,1.4403674602508545
0.64,0.77,0.4,0.46,1.06,0.94,0.09,0.58,0.16,17289,1.4403674602508545
0.63,0.77,0.4,0.46,1.06,0.94,0.1,0.59,0.17,16996,1.4443349838256836
0.63,0.77,0.4,0.47,1.06,0.94,0.1,0.58,0.17,17003,1.4492778778076172
0.64,0.77,0.4,0.46,1.06,0.93,0.1,0.58,0.16,17000,1.4524602890014648
0.64,0.77,0.4,0.46,1.06,0.94,0.1,0.59,0.17,16401,1.455329418182373
0.63,0.77,0.4,0.46,1.06,0.93,0.1,0.59,0.17,16968,1.456291675567627
0.63,0.77,0.4,0.46,1.06,0.93,0.1,0.58,0.17,17457,1.4613213539123535
0.64,0.78,0.4,0.46,1.06,0.93,0.1,0.58,0.17,17060,1.4648160934448242
0.63,0.77,0.4,0.45,1.05,0.93,0.1,0.58,0.17,17083,1.467958688735962
0.63,0.77,0.4,0.46,1.06,0.93,0.1,0.58,0.16,17460,1.4690141677856445
0.64,0.77,0.4,0.46,1.06,0.94,0.1,0.58,0.17,17623,1.4730136394500732
0.64,0.77,0.4,0.46,1.06,0.93,0.09,0.58,0.17,17166,1.4781832695007324
0.63,0.77,0.4,0.46,1.06,0.94,0.1,0.58,0.17,16775,1.480844497680664
0.63,0.77,0.4,0.46,1.06,0.94,0.1,0.58,0.17,16796,1.480844497680664
0.64,0.77,0.41,0.46,1.06,0.93,0.1,0.58,0.17,17181,1.48508620262146
0.63,0.78,0.4,0.46,1.06,0.93,0.1,0.58,0.17,17142,1.4888665676116943
0.63,0.78,0.4,0.46,1.06,0.94,0.1,0.58,0.16,17025,1.492943525314331
0.64,0.77,0.4,0.46,1.06,0.93,0.1,0.58,0.17,16708,1.4939405918121338
0.63,0.77,0.4,0.45,1.06,0.93,0.1,0.58,0.17,16749,1.4979403018951416
0.63,0.77,0.41,0.46,1.06,0.93,0.1,0.58,0.17,17418,1.5019404888153076
0.64,0.77,0.4,0.45,1.06,0.93,0.1,0.58,0.16,17199,1.5059378147125244
0.64,0.77,0.4,0.46,1.06,0.94,0.1,0.58,0.16,17134,1.5059378147125244
0.63,0.77,0.4,0.46,1.06,0.93,0.1,0.58,0.17,17179,1.5095138549804688
0.64,0.77,0.4,0.47,1.05,0.94,0.09,0.58,0.16,17148,1.5139167308807373
0.64,0.77,0.4,0.47,1.05,0.94,0.1,0.58,0.17,16777,1.5179293155670166
0.63,0.77,0.4,0.47,1.05,0.94,0.1,0.58,0.17,17188,1.5216872692108154
0.64,0.77,0.4,0.46,1.05,0.94,0.1,0.58,0.16,17259,1.5216872692108154
0.63,0.77,0.4,0.46,1.06,0.93,0.09,0.58,0.16,17452,1.5257365703582764
0.64,0.77,0.4,0.47,1.06,0.93,0.1,0.58,0.17,17093,1.5307140350341797
0.63,0.77,0.4,0.46,1.05,0.94,0.1,0.58,0.17,16908,1.5339231491088867
0.63,0.77,0.4,0.45,1.06,0.94,0.1,0.58,0.17,17449,1.5349457263946533
0.63,0.77,0.4,0.46,1.05,0.93,0.1,0.58,0.17,17362,1.53812575340271
0.63,0.77,0.4,0.47,1.06,0.93,0.1,0.58,0.17,17175,1.5431461334228516
0.63,0.77,0.4,0.46,1.05,0.93,0.1,0.58,0.16,16684,1.5464022159576416
0.63,0.77,0.4,0.46,1.05,0.93,0.09,0.58,0.17,16983,1.5473825931549072
0.63,0.77,0.4,0.46,1.05,0.93,0.09,0.58,0.17,17276,1.5514545440673828
0.64,0.77,0.4,0.47,1.05,0.93,0.11,0.58,0.17,17441,1.554685115814209
0.63,0.78,0.4,0.46,1.06,0.94,0.1,0.58,0.17,17512,1.5589396953582764
0.63,0.77,0.4,0.47,1.05,0.94,0.1,0.58,0.17,17399,1.5595605373382568
0.63,0.77,0.4,0.46,1.05,0.93,0.1,0.58,0.17,17570,1.5631887912750244
0.63,0.77,0.4,0.46,1.06,0.93,0.1,0.58,0.17,17553,1.5675485134124756
0.63,0.77,0.4,0.46,1.05,0.94,0.1,0.58,0.17,17382,1.5710179805755615
0.63,0.77,0.4,0.47,1.06,0.93,0.1,0.58,0.17,17223,1.5719354152679443
0.63,0.77,0.4,0.46,1.06,0.93,0.1,0.58,0.17,17440,1.575956106185913
0.63,0.77,0.4,0.46,1.06,0.94,0.1,0.58,0.17,17089,1.5801746845245361
0.63,0.77,0.4,0.46,1.06,0.93,0.1,0.58,0.17,17402,1.584174394607544
0.63,0.77,0.4,0.46,1.05,0.93,0.1,0.58,0.17,17343,1.584174394607544
0.63,0.77,0.4,0.46,1.06,0.93,0.1,0.58,0.17,17188,1.588174819946289
0.63,0.78,0.41,0.46,1.06,0.93,0.1,0.58,0.17,17387,1.5916852951049805
0.63,0.77,0.4,0.46,1.05,0.93,0.1,0.58,0.17,17346,1.5958468914031982
0.63,0.77,0.4,0.46,1.06,0.94,0.1,0.58,0.17,17375,1.5999352931976318
0.63,0.78,0.4,0.46,1.05,0.93,0.1,0.58,0.16,17508,1.5999352931976318
0.63,0.77,0.4,0.46,1.05,0.93,0.1,0.58,0.17,17525,1.6039295196533203
0.63,0.77,0.4,0.46,1.05,0.93,0.1,0.58,0.16,17294,1.6076676845550537
0.63,0.77,0.4,0.46,1.05,0.93,0.1,0.58,0.17,17681,1.612027883529663
0.63,0.77,0.41,0.46,1.06,0.93,0.1,0.58,0.17,17514,1.6127569675445557
0.63,0.77,0.41,0.46,1.06,0.93,0.1,0.58,0.16,17071,1.6164014339447021
0.63,0.78,0.4,0.46,1.06,0.93,0.1,0.58,0.17,16960,1.621546983718872
0.63,0.78,0.4,0.47,1.05,0.93,0.1,0.58,0.17,17081,1.624434232711792
0.62,0.78,0.4,0.46,1.05,0.94,0.09,0.58,0.17,16838,1.6254847049713135
0.63,0.77,0.4,0.46,1.05,0.93,0.1,0.58,0.17,16557,1.6289122104644775
0.63,0.78,0.4,0.47,1.06,0.93,0.09,0.58,0.17,17022,1.6329116821289062
0.63,0.77,0.41,0.46,1.05,0.93,0.1,0.59,0.17,17191,1.6369681358337402
0.63,0.77,0.41,0.46,1.05,0.93,0.1,0.58,0.17,17002,1.6379685401916504
0.63,0.77,0.41,0.46,1.05,0.93,0.1,0.59,0.17,17247,1.6409721374511719
0.63,0.77,0.41,0.47,1.05,0.93,0.1,0.58,0.17,16930,1.6454951763153076
0.63,0.77,0.41,0.47,1.05,0.93,0.1,0.59,0.17,17481,1.6485905647277832
0.63,0.77,0.41,0.46,1.06,0.93,0.1,0.59,0.17,17396,1.6495177745819092
0.63,0.77,0.4,0.46,1.06,0.93,0.1,0.58,0.17,16863,1.653641939163208
0.63,0.77,0.4,0.46,1.05,0.93,0.1,0.58,0.17,16960,1.6573801040649414
0.64,0.77,0.4,0.47,1.06,0.94,0.1,0.59,0.17,17585,1.6620805263519287
0.63,0.77,0.4,0.46,1.05,0.93,0.1,0.59,0.17,17592,1.6620805263519287
0.63,0.77,0.4,0.46,1.05,0.93,0.1,0.58,0.17,16983,1.6661276817321777
0.63,0.77,0.4,0.46,1.06,0.94,0.1,0.58,0.17,16964,1.6705288887023926
0.63,0.77,0.41,0.46,1.05,0.93,0.1,0.59,0.17,17055,1.6736948490142822
0.63,0.77,0.4,0.46,1.06,0.94,0.1,0.59,0.17,17348,1.674741268157959
0.63,0.77,0.4,0.46,1.05,0.93,0.1,0.58,0.17,17835,1.6780552864074707
0.63,0.77,0.4,0.47,1.05,0.94,0.1,0.58,0.17,17580,1.6820552349090576
0.62,0.77,0.4,0.46,1.05,0.94,0.1,0.58,0.17,17307,1.6860508918762207
0.63,0.77,0.4,0.46,1.05,0.93,0.1,0.58,0.16,17418,1.6900560855865479
0.63,0.77,0.4,0.47,1.05,0.94,0.1,0.59,0.17,17289,1.6900560855865479
0.63,0.77,0.4,0.47,1.06,0.94,0.1,0.58,0.17,17430,1.6940217018127441
0.63,0.77,0.4,0.47,1.06,0.94,0.1,0.58,0.16,17485,1.698284387588501
0.63,0.77,0.4,0.46,1.05,0.94,0.1,0.58,0.17,17394,1.7024285793304443
0.63,0.77,0.4,0.47,1.06,0.94,0.1,0.58,0.17,17399,1.703474760055542
0.63,0.78,0.4,0.47,1.06,0.94,0.1,0.58,0.17,17654,1.7061188220977783
0.63,0.77,0.4,0.47,1.05,0.94,0.1,0.58,0.17,17661,1.7105739116668701
0.63,0.77,0.4,0.46,1.06,0.93,0.11,0.58,0.16,17300,1.7149052619934082
0.63,0.77,0.4,0.46,1.06,0.94,0.09,0.58,0.17,17383,1.7149052619934082
0.64,0.77,0.4,0.46,1.06,0.93,0.1,0.58,0.17,17604,1.7180187702178955
0.64,0.77,0.4,0.46,1.06,0.93,0.1,0.58,0.17,17545,1.7235066890716553
0.64,0.77,0.4,0.46,1.06,0.93,0.1,0.58,0.17,17458,1.7270104885101318
0.63,0.77,0.4,0.47,1.06,0.94,0.1,0.58,0.17,17413,1.7270104885101318
0.64,0.77,0.4,0.46,1.06,0.93,0.1,0.59,0.17,17540,1.7310349941253662
0.64,0.78,0.4,0.46,1.06,0.94,0.1,0.58,0.17,17489,1.7352912425994873
0.64,0.78,0.41,0.46,1.06,0.94,0.1,0.59,0.17,16694,1.7393693923950195
0.64,0.77,0.4,0.46,1.05,0.94,0.1,0.59,0.17,16921,1.7403593063354492
0.64,0.77,0.4,0.46,1.05,0.94,0.1,0.59,0.17,17438,1.7433593273162842
0.64,0.77,0.4,0.46,1.06,0.93,0.1,0.58,0.17,17647,1.74735426902771
0.63,0.77,0.41,0.46,1.05,0.94,0.1,0.58,0.17,17502,1.7515733242034912
0.64,0.77,0.41,0.46,1.06,0.94,0.1,0.58,0.17,17095,1.7526583671569824
0.64,0.77,0.4,0.46,1.06,0.94,0.09,0.58,0.17,17238,1.75516676902771
0.64,0.77,0.4,0.46,1.06,0.94,0.1,0.58,0.17,17247,1.7600328922271729
0.63,0.77,0.4,0.46,1.05,0.94,0.1,0.58,0.17,17126,1.763162612915039
0.63,0.77,0.4,0.46,1.06,0.94,0.1,0.58,0.17,17471,1.7674415111541748
0.63,0.77,0.4,0.46,1.06,0.94,0.1,0.58,0.17,17412,1.768162727355957
0.63,0.77,0.4,0.46,1.06,0.93,0.1,0.58,0.16,17033,1.7721529006958008
0.64,0.77,0.4,0.47,1.06,0.94,0.1,0.58,0.17,17096,1.77616286277771
0.64,0.77,0.41,0.46,1.05,0.93,0.1,0.58,0.17,17377,1.7801566123962402
0.63,0.77,0.4,0.46,1.06,0.93,0.1,0.58,0.17,17600,1.7811617851257324
0.64,0.78,0.4,0.46,1.06,0.93,0.1,0.58,0.17,17427,1.783726692199707
0.64,0.77,0.4,0.46,1.06,0.93,0.1,0.58,0.17,17158,1.7878034114837646
0.64,0.77,0.4,0.46,1.05,0.93,0.1,0.58,0.17,17175,1.7929115295410156
0.64,0.77,0.4,0.46,1.05,0.94,0.1,0.59,0.17,17396,1.7929115295410156
0.64,0.78,0.4,0.46,1.05,0.94,0.1,0.58,0.17,17189,1.796879768371582
0.64,0.77,0.4,0.46,1.06,0.93,0.1,0.58,0.17,17346,1.800569772720337
0.63,0.77,0.4,0.46,1.05,0.93,0.1,0.58,0.17,17427,1.8049094676971436
0.64,0.78,0.4,0.46,1.06,0.93,0.1,0.58,0.16,17134,1.8049094676971436
0.64,0.77,0.41,0.46,1.05,0.94,0.1,0.58,0.17,17129,1.8089091777801514
0.64,0.77,0.4,0.46,1.06,0.94,0.1,0.59,0.17,17206,1.8129262924194336
0.64,0.77,0.4,0.46,1.06,0.93,0.1,0.58,0.17,16951,1.8178889751434326
0.64,0.77,0.4,0.46,1.06,0.94,0.1,0.58,0.17,17246,1.8178889751434326
0.64,0.77,0.4,0.46,1.05,0.94,0.1,0.58,0.17,17013,1.8219270706176758
0.64,0.77,0.4,0.46,1.05,0.94,0.1,0.58,0.17,17030,1.8248717784881592
0.64,0.77,0.41,0.46,1.06,0.94,0.1,0.58,0.17,16813,1.8300812244415283
0.64,0.77,0.4,0.46,1.06,0.93,0.1,0.58,0.17,17194,1.830185890197754
0.64,0.77,0.41,0.46,1.06,0.93,0.1,0.58,0.17,17617,1.834350824356079
0.64,0.78,0.41,0.47,1.05,0.93,0.1,0.58,0.17,17266,1.838395357131958
0.64,0.77,0.41,0.47,1.06,0.94,0.1,0.58,0.17,17013,1.842395305633545
0.64,0.77,0.4,0.46,1.06,0.93,0.1,0.58,0.17,17536,1.8456447124481201
0.64,0.78,0.41,0.46,1.06,0.93,0.1,0.58,0.17,17627,1.8463952541351318
0.64,0.77,0.4,0.46,1.06,0.93,0.1,0.58,0.17,17316,1.8499171733856201
0.64,0.77,0.4,0.46,1.06,0.93,0.1,0.58,0.17,17309,1.8539283275604248
0.64,0.77,0.4,0.47,1.05,0.93,0.1,0.58,0.17,17680,1.8576669692993164
0.65,0.77,0.4,0.46,1.05,0.93,0.1,0.58,0.17,17861,1.8576669692993164
0.65,0.77,0.41,0.46,1.05,0.93,0.11,0.59,0.17,17496,1.8623545169830322
0.64,0.77,0.41,0.46,1.06,0.93,0.1,0.58,0.17,17383,1.8664424419403076
0.64,0.77,0.41,0.46,1.05,0.93,0.1,0.58,0.17,17414,1.8704423904418945
0.64,0.77,0.41,0.46,1.06,0.93,0.1,0.59,0.17,17371,1.8714451789855957
0.64,0.77,0.4,0.46,1.05,0.93,0.1,0.59,0.17,17264,1.8744423389434814
0.64,0.77,0.4,0.46,1.05,0.93,0.1,0.59,0.17,17505,1.8784420490264893
0.65,0.77,0.4,0.46,1.06,0.93,0.1,0.58,0.17,17538,1.8822901248931885
0.64,0.77,0.41,0.47,1.06,0.93,0.1,0.58,0.17,17531,1.883462905883789
0.64,0.77,0.41,0.46,1.05,0.93,0.1,0.59,0.17,17610,1.8860511779785156
0.64,0.77,0.41,0.46,1.06,0.93,0.1,0.58,0.17,17795,1.8912272453308105
0.64,0.77,0.4,0.46,1.06,0.93,0.1,0.58,0.17,17772,1.8952064514160156
0.64,0.77,0.4,0.46,1.05,0.93,0.1,0.58,0.17,17581,1.8952064514160156
0.64,0.77,0.4,0.46,1.05,0.93,0.1,0.58,0.17,17298,1.8992276191711426
0.64,0.77,0.41,0.46,1.05,0.94,0.1,0.58,0.17,17343,1.9034538269042969
0.64,0.77,0.4,0.47,1.05,0.93,0.1,0.58,0.17,17306,1.9077894687652588
0.64,0.77,0.4,0.47,1.05,0.93,0.09,0.58,0.17,16733,1.9077894687652588
0.64,0.77,0.4,0.47,1.06,0.93,0.11,0.58,0.17,17176,1.9110240936279297
0.64,0.77,0.4,0.46,1.06,0.93,0.1,0.59,0.17,17689,1.9163038730621338
0.64,0.77,0.4,0.46,1.06,0.94,0.1,0.58,0.17,17580,1.9204952716827393
0.64,0.77,0.4,0.46,1.06,0.94,0.1,0.58,0.17,17207,1.9227120876312256
0.64,0.77,0.4,0.46,1.06,0.93,0.1,0.59,0.17,17430,1.9237720966339111
0.64,0.77,0.4,0.46,1.06,0.94,0.1,0.58,0.17,17457,1.9277639389038086
0.64,0.77,0.4,0.46,1.06,0.94,0.1,0.58,0.17,17350,1.9317965507507324
0.64,0.77,0.4,0.46,1.06,0.94,0.1,0.58,0.17,17219,1.9360644817352295
0.65,0.77,0.4,0.47,1.06,0.94,0.1,0.58,0.17,17052,1.9360644817352295
0.63,0.77,0.41,0.46,1.06,0.94,0.09,0.58,0.17,17181,1.9405159950256348
0.64,0.77,0.4,0.46,1.06,0.93,0.1,0.58,0.17,17630,1.9444835186004639
0.64,0.77,0.4,0.46,1.06,0.93,0.1,0.58,0.17,17701,1.9488952159881592
0.64,0.77,0.4,0.46,1.06,0.94,0.1,0.58,0.17,17166,1.9488952159881592
0.64,0.77,0.41,0.46,1.06,0.93,0.1,0.58,0.17,17369,1.9529287815093994
0.64,0.77,0.41,0.46,1.06,0.94,0.1,0.58,0.17,17368,1.9559128284454346
0.64,0.77,0.4,0.46,1.06,0.94,0.1,0.58,0.17,17391,1.9599759578704834
0.64,0.77,0.4,0.46,1.06,0.94,0.1,0.59,0.17,17194,1.9609460830688477
0.63,0.77,0.4,0.46,1.06,0.94,0.1,0.58,0.17,17153,1.9639441967010498
0.64,0.77,0.4,0.47,1.06,0.94,0.1,0.59,0.17,17632,1.9689512252807617
0.64,0.77,0.4,0.46,1.06,0.94,0.1,0.59,0.17,17377,1.972952127456665
0.64,0.77,0.4,0.47,1.06,0.94,0.1,0.58,0.17,17306,1.972952127456665
0.63,0.77,0.4,0.47,1.06,0.93,0.1,0.58,0.17,17495,1.9769525527954102
0.64,0.77,0.4,0.46,1.06,0.93,0.09,0.58,0.17,17650,1.9809603691101074
0.64,0.77,0.4,0.47,1.05,0.94,0.1,0.58,0.17,17973,1.9846992492675781
0.64,0.77,0.4,0.47,1.06,0.94,0.1,0.58,0.17,17864,1.988144874572754
0.64,0.77,0.4,0.47,1.06,0.94,0.1,0.58,0.17,17159,1.988144874572754
0.64,0.77,0.4,0.46,1.06,0.94,0.1,0.58,0.17,16978,1.9932096004486084
0.64,0.77,0.4,0.46,1.06,0.94,0.1,0.58,0.17,16741,1.9972095489501953
0.64,0.77,0.4,0.46,1.06,0.94,0.1,0.58,0.17,16902,2.001209259033203
0.64,0.77,0.4,0.46,1.06,0.94,0.11,0.58,0.17,17619,2.001209259033203
0.64,0.77,0.4,0.47,1.06,0.93,0.1,0.58,0.17,17702,2.0052943229675293
0.64,0.77,0.4,0.47,1.06,0.94,0.1,0.58,0.17,17351,2.0102102756500244
0.64,0.77,0.41,0.46,1.06,0.94,0.1,0.58,0.17,17374,2.0135931968688965
0.64,0.77,0.4,0.47,1.06,0.94,0.1,0.58,0.17,17637,2.0146615505218506
0.65,0.77,0.4,0.47,1.06,0.94,0.1,0.58,0.16,17558,2.017699718475342
0.64,0.77,0.4,0.46,1.05,0.94,0.1,0.58,0.17,17417,2.021470308303833
0.64,0.77,0.41,0.47,1.06,0.94,0.1,0.59,0.17,17164,2.0259594917297363
0.64,0.77,0.4,0.46,1.06,0.94,0.1,0.58,0.17,17013,2.026860237121582
0.64,0.77,0.4,0.47,1.06,0.94,0.1,0.58,0.17,17210,2.0298633575439453
0.64,0.77,0.4,0.47,1.06,0.94,0.1,0.58,0.17,17537,2.0339913368225098
0.64,0.77,0.4,0.46,1.06,0.94,0.09,0.58,0.17,17170,2.037977933883667
0.64,0.77,0.41,0.47,1.06,0.93,0.1,0.58,0.17,16781,2.038956642150879
0.64,0.77,0.4,0.47,1.06,0.93,0.1,0.58,0.17,17014,2.0426931381225586
0.64,0.77,0.41,0.47,1.06,0.94,0.1,0.58,0.17,17121,2.0460333824157715
0.64,0.77,0.4,0.46,1.06,0.94,0.1,0.58,0.17,17156,2.0513453483581543
0.64,0.77,0.4,0.46,1.06,0.94,0.1,0.58,0.17,17359,2.0513453483581543
0.64,0.77,0.4,0.47,1.06,0.94,0.1,0.58,0.17,17318,2.0547313690185547
0.64,0.77,0.4,0.47,1.06,0.94,0.1,0.58,0.17,17045,2.058730363845825
0.64,0.77,0.4,0.47,1.06,0.93,0.1,0.58,0.17,17030,2.0628254413604736
0.63,0.77,0.4,0.46,1.06,0.94,0.1,0.58,0.17,17067,2.066770315170288
0.64,0.77,0.4,0.47,1.06,0.93,0.1,0.58,0.17,17580,2.067730665206909
0.64,0.77,0.4,0.47,1.06,0.94,0.1,0.58,0.17,17299,2.0712592601776123
0.64,0.77,0.4,0.46,1.06,0.93,0.11,0.58,0.16,16808,2.074861764907837
0.64,0.77,0.4,0.47,1.06,0.94,0.1,0.58,0.17,16869,2.0792863368988037
0.64,0.77,0.4,0.46,1.06,0.93,0.1,0.58,0.16,17116,2.0792863368988037
0.64,0.77,0.4,0.47,1.06,0.93,0.1,0.58,0.17,17281,2.0839428901672363
0.64,0.77,0.4,0.46,1.06,0.94,0.1,0.58,0.17,17222,2.0884387493133545
0.64,0.78,0.4,0.46,1.06,0.93,0.1,0.58,0.17,17165,2.090991497039795
0.64,0.77,0.4,0.46,1.06,0.94,0.1,0.58,0.17,17022,2.0920040607452393
0.64,0.77,0.4,0.46,1.06,0.94,0.1,0.58,0.17,17155,2.0960206985473633
0.64,0.77,0.4,0.46,1.06,0.93,0.1,0.58,0.16,17474,2.1000044345855713
0.64,0.77,0.4,0.46,1.07,0.93,0.1,0.58,0.17,17567,2.104555130004883
0.64,0.77,0.4,0.47,1.06,0.94,0.1,0.58,0.16,16882,2.1055808067321777
0.64,0.77,0.4,0.46,1.06,0.94,0.1,0.58,0.17,16779,2.1078336238861084
0.64,0.78,0.4,0.46,1.06,0.93,0.1,0.58,0.17,17222,2.1121368408203125
0.64,0.78,0.4,0.45,1.06,0.94,0.1,0.58,0.17,17545,2.11661696434021
0.64,0.77,0.4,0.46,1.06,0.93,0.1,0.58,0.17,17656,2.11661696434021
0.64,0.78,0.4,0.47,1.06,0.93,0.1,0.58,0.17,17629,2.1206531524658203
0.64,0.78,0.4,0.46,1.07,0.93,0.1,0.58,0.17,17368,2.1246156692504883
0.64,0.77,0.4,0.46,1.06,0.93,0.1,0.58,0.17,17427,2.128636598587036
0.64,0.78,0.4,0.46,1.06,0.93,0.1,0.58,0.17,17442,2.1320645809173584
0.64,0.77,0.4,0.46,1.06,0.93,0.1,0.58,0.17,17053,2.1331112384796143
0.64,0.77,0.4,0.46,1.07,0.94,0.1,0.58,0.17,17044,2.1369893550872803
0.64,0.77,0.4,0.46,1.07,0.94,0.1,0.58,0.17,17741,2.1411492824554443
0.64,0.77,0.4,0.46,1.06,0.94,0.1,0.58,0.16,17592,2.144604206085205
0.64,0.77,0.4,0.46,1.07,0.94,0.1,0.58,0.17,17211,2.1456727981567383
0.64,0.77,0.4,0.46,1.06,0.94,0.1,0.58,0.17,16982,2.148688316345215
0.64,0.77,0.4,0.46,1.06,0.94,0.1,0.57,0.17,17107,2.153627395629883
0.64,0.77,0.4,0.46,1.06,0.94,0.1,0.58,0.17,17076,2.1569504737854004
0.64,0.77,0.4,0.46,1.06,0.94,0.1,0.57,0.17,17021,2.1569504737854004
0.64,0.77,0.4,0.46,1.06,0.94,0.1,0.58,0.17,17158,2.160954236984253
0.64,0.77,0.4,0.46,1.06,0.94,0.1,0.58,0.17,17259,2.165954351425171
0.64,0.77,0.4,0.46,1.06,0.94,0.1,0.57,0.17,17074,2.169081211090088
0.64,0.77,0.4,0.46,1.06,0.94,0.1,0.58,0.17,17307,2.169954299926758
0.64,0.77,0.4,0.46,1.06,0.94,0.1,0.58,0.17,17438,2.1729543209075928
0.64,0.77,0.4,0.46,1.06,0.93,0.1,0.58,0.17,17295,2.177588939666748
0.65,0.77,0.4,0.46,1.06,0.93,0.1,0.58,0.17,17070,2.1815922260284424
0.64,0.77,0.41,0.46,1.06,0.94,0.1,0.58,0.17,17001,2.1827425956726074
0.64,0.77,0.4,0.46,1.06,0.94,0.1,0.58,0.17,17276,2.1857690811157227
0.64,0.77,0.41,0.45,1.06,0.94,0.1,0.58,0.17,17057,2.1897690296173096
0.64,0.77,0.4,0.46,1.06,0.94,0.1,0.58,0.17,17056,2.1942455768585205
0.65,0.77,0.4,0.46,1.06,0.93,0.1,0.57,0.17,17391,2.197519302368164
0.65,0.77,0.4,0.46,1.06,0.93,0.1,0.58,0.17,17798,2.198255777359009
0.64,0.77,0.4,0.46,1.06,0.94,0.1,0.58,0.17,17549,2.2019033432006836
0.65,0.77,0.4,0.46,1.06,0.93,0.1,0.58,0.16,17328,2.2055768966674805
0.64,0.77,0.4,0.45,1.06,0.93,0.1,0.58,0.17,17559,2.2099123001098633
0.65,0.77,0.4,0.46,1.06,0.93,0.1,0.58,0.17,17874,2.2106382846832275
0.65,0.77,0.4,0.46,1.06,0.93,0.09,0.58,0.17,17635,2.2143263816833496
0.64,0.77,0.4,0.46,1.06,0.93,0.1,0.58,0.17,17018,2.219369411468506
0.65,0.77,0.4,0.46,1.06,0.94,0.1,0.58,0.16,17211,2.222637891769409
0.64,0.77,0.4,0.46,1.06,0.93,0.1,0.58,0.17,17758,2.222637891769409
0.64,0.77,0.4,0.46,1.06,0.93,0.1,0.58,0.17,17827,2.2269890308380127
0.64,0.77,0.41,0.46,1.06,0.93,0.1,0.58,0.16,17354,2.2311668395996094
0.65,0.77,0.4,0.46,1.07,0.93,0.1,0.58,0.17,17365,2.2344257831573486
0.64,0.77,0.4,0.46,1.06,0.93,0.1,0.58,0.17,17380,2.235166549682617
0.64,0.77,0.4,0.45,1.06,0.93,0.1,0.58,0.17,17407,2.239211320877075
0.65,0.77,0.4,0.46,1.06,0.93,0.1,0.58,0.17,17344,2.243211030960083
0.65,0.77,0.4,0.46,1.06,0.93,0.1,0.58,0.17,17321,2.2468018531799316
0.64,0.77,0.4,0.46,1.06,0.93,0.1,0.58,0.17,17022,2.247837543487549
0.64,0.77,0.4,0.46,1.07,0.93,0.1,0.58,0.17,17471,2.2514712810516357
0.65,0.77,0.4,0.45,1.06,0.93,0.1,0.58,0.17,17066,2.255814552307129
0.64,0.77,0.4,0.46,1.06,0.93,0.1,0.58,0.17,17109,2.2598140239715576
0.64,0.77,0.4,0.46,1.06,0.93,0.1,0.58,0.16,17308,2.2598140239715576
0.65,0.77,0.4,0.45,1.06,0.93,0.1,0.58,0.17,17279,2.263803720474243
0.65,0.77,0.4,0.46,1.06,0.93,0.1,0.58,0.17,17234,2.2668004035949707
0.64,0.77,0.4,0.47,1.06,0.93,0.1,0.58,0.17,17019,2.2714412212371826
0.64,0.77,0.4,0.46,1.07,0.94,0.1,0.58,0.16,16444,2.2748138904571533
0.65,0.77,0.4,0.46,1.07,0.93,0.1,0.58,0.16,16895,2.2758710384368896
0.65,0.77,0.4,0.46,1.07,0.93,0.11,0.57,0.17,17280,2.27987003326416
0.65,0.77,0.4,0.45,1.07,0.93,0.1,0.58,0.17,17045,2.2850394248962402
0.64,0.77,0.4,0.46,1.07,0.93,0.1,0.58,0.17,16946,2.287524700164795
0.65,0.77,0.4,0.46,1.07,0.93,0.1,0.58,0.17,17301,2.288569211959839
0.65,0.77,0.41,0.45,1.07,0.93,0.1,0.58,0.17,17220,2.2926883697509766
0.65,0.77,0.41,0.45,1.06,0.93,0.1,0.58,0.17,17353,2.2966878414154053
0.65,0.77,0.41,0.46,1.07,0.93,0.1,0.58,0.17,17692,2.2999539375305176
0.65,0.77,0.41,0.46,1.07,0.93,0.1,0.58,0.17,17625,2.300708293914795
0.65,0.77,0.41,0.46,1.07,0.93,0.1,0.58,0.17,17256,2.304704427719116
0.65,0.77,0.41,0.46,1.07,0.93,0.1,0.58,0.17,17269,2.309560775756836
0.65,0.77,0.41,0.46,1.07,0.94,0.1,0.58,0.17,17178,2.3125557899475098
0.65,0.77,0.41,0.46,1.07,0.94,0.1,0.58,0.17,17081,2.3125557899475098
0.65,0.77,0.41,0.46,1.07,0.94,0.1,0.58,0.17,16972,2.3162901401519775
0.65,0.77,0.4,0.46,1.07,0.94,0.1,0.58,0.17,17119,2.3208084106445312
0.65,0.77,0.41,0.46,1.07,0.94,0.1,0.58,0.17,16970,2.324599504470825
0.65,0.77,0.4,0.46,1.07,0.94,0.1,0.58,0.17,17493,2.325634717941284
0.64,0.78,0.41,0.46,1.07,0.93,0.1,0.59,0.17,17390,2.3281757831573486
0.65,0.77,0.41,0.45,1.07,0.93,0.1,0.58,0.17,17153,2.333268165588379
0.64,0.77,0.4,0.46,1.06,0.94,0.09,0.58,0.17,17118,2.3372950553894043
0.65,0.78,0.4,0.46,1.06,0.94,0.1,0.58,0.17,16991,2.34043025970459
0.65,0.78,0.41,0.46,1.07,0.94,0.1,0.58,0.17,16746,2.3414342403411865
0.65,0.77,0.41,0.46,1.07,0.94,0.1,0.58,0.17,16947,2.34543514251709
0.64,0.78,0.41,0.46,1.06,0.94,0.1,0.58,0.17,17196,2.349247694015503
0.65,0.78,0.41,0.46,1.06,0.93,0.1,0.58,0.17,17319,2.3535642623901367
0.65,0.78,0.4,0.46,1.06,0.94,0.1,0.58,0.17,17666,2.354583978652954
0.65,0.78,0.4,0.46,1.07,0.93,0.1,0.58,0.17,17321,2.357583522796631
0.65,0.77,0.4,0.46,1.06,0.93,0.1,0.58,0.17,17372,2.3625829219818115
0.65,0.77,0.41,0.46,1.06,0.94,0.1,0.58,0.17,17313,2.365802764892578
0.64,0.77,0.41,0.46,1.07,0.93,0.1,0.58,0.17,16790,2.366583824157715
0.64,0.77,0.41,0.47,1.06,0.94,0.1,0.58,0.17,16969,2.370203733444214
0.64,0.77,0.41,0.46,1.06,0.93,0.1,0.58,0.17,17690,2.3752260208129883
0.65,0.77,0.41,0.47,1.07,0.94,0.1,0.58,0.17,17705,2.3781323432922363
0.65,0.77,0.41,0.47,1.06,0.94,0.09,0.58,0.17,17294,2.379197597503662
0.65,0.77,0.41,0.47,1.06,0.94,0.1,0.58,0.17,17363,2.3822238445281982
0.65,0.77,0.41,0.46,1.06,0.94,0.1,0.58,0.17,17316,2.3865294456481934
0.65,0.78,0.41,0.47,1.06,0.94,0.11,0.58,0.17,17151,2.3907339572906494
0.65,0.77,0.4,0.46,1.06,0.93,0.1,0.58,0.16,16928,2.3907339572906494
0.65,0.77,0.4,0.46,1.06,0.93,0.1,0.58,0.17,17067,2.3954455852508545
0.64,0.77,0.4,0.46,1.06,0.93,0.1,0.58,0.17,17258,2.3991682529449463
0.65,0.77,0.41,0.46,1.07,0.93,0.1,0.58,0.17,17913,2.4032723903656006
0.65,0.77,0.41,0.46,1.07,0.93,0.1,0.58,0.17,17520,2.4063289165496826
0.65,0.77,0.4,0.46,1.07,0.93,0.1,0.58,0.17,17347,2.4074184894561768
0.65,0.77,0.41,0.46,1.07,0.94,0.1,0.58,0.17,17150,2.411419153213501
0.65,0.77,0.41,0.45,1.07,0.93,0.1,0.58,0.17,17131,2.415005922317505
0.65,0.77,0.41,0.46,1.07,0.93,0.1,0.58,0.17,16934,2.419036626815796
0.64,0.77,0.41,0.46,1.06,0.93,0.1,0.58,0.17,16795,2.419036626815796
0.65,0.77,0.41,0.46,1.07,0.93,0.09,0.58,0.17,16848,2.424041986465454
0.65,0.77,0.41,0.46,1.07,0.93,0.1,0.58,0.17,17429,2.428041934967041
0.65,0.77,0.41,0.46,1.07,0.93,0.09,0.58,0.16,17434,2.431339979171753
0.64,0.77,0.41,0.46,1.06,0.93,0.1,0.58,0.17,17123,2.432044506072998
0.65,0.77,0.4,0.46,1.07,0.93,0.1,0.58,0.17,16950,2.436450719833374
0.65,0.77,0.41,0.46,1.07,0.94,0.1,0.58,0.17,17193,2.4398555755615234
0.65,0.77,0.4,0.47,1.07,0.94,0.1,0.58,0.17,16906,2.4433987140655518
0.65,0.77,0.41,0.46,1.07,0.94,0.1,0.58,0.17,17133,2.44413685798645
0.64,0.77,0.4,0.47,1.07,0.94,0.1,0.58,0.17,17356,2.448136568069458
0.65,0.77,0.41,0.46,1.06,0.94,0.1,0.58,0.17,17549,2.452141761779785
0.65,0.77,0.41,0.46,1.07,0.94,0.1,0.58,0.17,17282,2.456263542175293
0.65,0.77,0.41,0.46,1.07,0.94,0.1,0.58,0.17,16989,2.456263542175293
0.65,0.77,0.41,0.47,1.07,0.94,0.1,0.58,0.17,17478,2.459953784942627
0.65,0.77,0.41,0.46,1.07,0.94,0.1,0.58,0.17,17435,2.463810443878174
0.64,0.77,0.41,0.47,1.07,0.94,0.1,0.58,0.16,16890,2.4688878059387207
0.65,0.78,0.41,0.46,1.07,0.93,0.1,0.58,0.17,16899,2.4688878059387207
0.64,0.78,0.41,0.47,1.07,0.94,0.1,0.58,0.17,17690,2.4719436168670654
0.65,0.77,0.41,0.47,1.07,0.94,0.1,0.58,0.17,17721,2.476926565170288
0.65,0.78,0.41,0.46,1.07,0.93,0.1,0.58,0.17,17478,2.480926275253296
0.65,0.77,0.41,0.46,1.07,0.94,0.1,0.58,0.17,17547,2.4839248657226562
0.65,0.77,0.41,0.47,1.07,0.94,0.1,0.58,0.17,17526,2.4839248657226562
0.65,0.78,0.4,0.47,1.07,0.93,0.1,0.58,0.17,17317,2.4878780841827393
0.65,0.77,0.41,0.46,1.07,0.94,0.1,0.58,0.17,17140,2.4935994148254395
0.65,0.77,0.4,0.46,1.07,0.94,0.1,0.58,0.17,17115,2.4966044425964355
0.65,0.77,0.4,0.46,1.06,0.94,0.1,0.58,0.17,17544,2.4976017475128174
0.65,0.77,0.41,0.46,1.07,0.94,0.1,0.58,0.17,17483,2.5005979537963867
0.65,0.77,0.4,0.46,1.07,0.94,0.1,0.58,0.17,17394,2.5046346187591553
0.65,0.77,0.4,0.46,1.07,0.93,0.1,0.57,0.16,16849,2.508695602416992
0.65,0.77,0.4,0.47,1.07,0.94,0.1,0.58,0.17,16930,2.509692430496216
0.66,0.77,0.41,0.47,1.07,0.93,0.1,0.58,0.16,17099,2.5126922130584717
0.65,0.77,0.41,0.46,1.07,0.93,0.1,0.58,0.17,17020,2.5176610946655273
0.65,0.77,0.4,0.46,1.07,0.93,0.1,0.58,0.17,17055,2.5206642150878906
0.65,0.77,0.4,0.47,1.07,0.94,0.1,0.58,0.17,17022,2.5216598510742188
0.65,0.77,0.41,0.46,1.07,0.94,0.1,0.58,0.17,17209,2.525188684463501
0.65,0.77,0.4,0.46,1.06,0.93,0.1,0.58,0.17,17228,2.5298821926116943
0.64,0.77,0.4,0.46,1.07,0.94,0.1,0.57,0.17,17421,2.5339441299438477
0.64,0.77,0.41,0.46,1.07,0.93,0.1,0.58,0.17,17758,2.5339441299438477
0.65,0.77,0.41,0.46,1.07,0.94,0.1,0.58,0.17,17685,2.536961078643799
0.65,0.77,0.41,0.46,1.07,0.93,0.1,0.58,0.17,17730,2.5419647693634033
0.65,0.77,0.4,0.47,1.07,0.94,0.1,0.58,0.17,17953,2.5469648838043213
0.65,0.77,0.4,0.47,1.07,0.93,0.1,0.58,0.17,17522,2.5499794483184814
0.65,0.77,0.41,0.46,1.07,0.93,0.1,0.58,0.17,17297,2.5499794483184814
0.65,0.77,0.41,0.46,1.07,0.93,0.09,0.58,0.17,17388,2.554288387298584
0.65,0.77,0.41,0.46,1.07,0.93,0.1,0.58,0.17,17649,2.558161735534668
0.65,0.77,0.41,0.46,1.07,0.93,0.1,0.58,0.17,17852,2.562398910522461
0.65,0.77,0.4,0.47,1.07,0.93,0.09,0.58,0.17,17557,2.563210964202881
0.65,0.77,0.41,0.46,1.07,0.93,0.1,0.58,0.17,17482,2.5672109127044678
0.64,0.77,0.4,0.47,1.07,0.93,0.1,0.58,0.17,17151,2.5712108612060547
0.65,0.78,0.41,0.47,1.07,0.93,0.1,0.58,0.16,17184,2.574704647064209
0.65,0.77,0.41,0.47,1.07,0.93,0.1,0.58,0.17,17253,2.5757713317871094
0.65,0.77,0.41,0.46,1.07,0.93,0.1,0.58,0.17,16988,2.5787322521209717
0.65,0.77,0.4,0.47,1.07,0.93,0.1,0.57,0.17,16645,2.5834245681762695
0.65,0.77,0.4,0.46,1.07,0.93,0.1,0.58,0.16,16836,2.5875353813171387
0.64,0.77,0.41,0.47,1.07,0.93,0.1,0.57,0.17,16869,2.5875353813171387
0.65,0.77,0.41,0.46,1.07,0.93,0.1,0.58,0.17,16692,2.591042995452881
0.64,0.77,0.41,0.46,1.07,0.94,0.1,0.58,0.17,17211,2.5952138900756836
0.64,0.77,0.41,0.47,1.07,0.94,0.1,0.58,0.16,17034,2.599421501159668
0.65,0.77,0.4,0.47,1.07,0.94,0.1,0.58,0.16,17135,2.599421501159668
0.64,0.77,0.4,0.47,1.07,0.94,0.1,0.57,0.16,17510,2.604506731033325
0.65,0.77,0.4,0.46,1.07,0.94,0.1,0.57,0.16,17813,2.608506202697754
0.65,0.77,0.41,0.46,1.07,0.93,0.1,0.57,0.17,17862,2.6120026111602783
0.64,0.77,0.4,0.46,1.07,0.94,0.1,0.58,0.17,17331,2.6120026111602783
0.65,0.78,0.4,0.47,1.07,0.94,0.1,0.58,0.16,16918,2.6160027980804443
0.65,0.77,0.4,0.47,1.07,0.94,0.1,0.58,0.16,17033,2.620380163192749
0.65,0.77,0.4,0.46,1.07,0.93,0.1,0.58,0.16,17098,2.62436580657959
0.65,0.77,0.41,0.47,1.07,0.94,0.1,0.58,0.17,17133,2.627906322479248
0.65,0.77,0.4,0.47,1.07,0.94,0.1,0.58,0.17,17362,2.6284561157226562
0.65,0.77,0.41,0.47,1.07,0.94,0.1,0.58,0.17,16907,2.6325483322143555
0.64,0.77,0.41,0.47,1.07,0.94,0.1,0.58,0.17,16794,2.6372082233428955
0.65,0.77,0.41,0.46,1.07,0.94,0.1,0.58,0.16,17031,2.640235185623169
0.64,0.77,0.41,0.47,1.07,0.94,0.1,0.58,0.16,17004,2.640836238861084
0.64,0.77,0.41,0.47,1.07,0.94,0.1,0.58,0.17,17235,2.644455671310425
0.64,0.77,0.41,0.47,1.06,0.94,0.1,0.58,0.16,17472,2.6482434272766113
0.64,0.77,0.41,0.47,1.07,0.94,0.1,0.58,0.16,17207,2.6525158882141113
0.64,0.77,0.41,0.47,1.07,0.94,0.1,0.58,0.17,16968,2.6535604000091553
0.64,0.77,0.41,0.46,1.07,0.93,0.1,0.58,0.17,16697,2.6576128005981445
0.65,0.77,0.41,0.47,1.07,0.94,0.1,0.58,0.17,16608,2.6616127490997314
0.65,0.77,0.41,0.46,1.07,0.93,0.1,0.58,0.16,16495,2.664844036102295
0.64,0.77,0.4,0.46,1.07,0.94,0.1,0.58,0.17,16636,2.6656126976013184
0.64,0.77,0.41,0.47,1.07,0.94,0.1,0.58,0.17,17151,2.6696126461029053
0.64,0.77,0.41,0.46,1.07,0.93,0.1,0.58,0.17,17528,2.672607898712158
0.64,0.77,0.41,0.47,1.07,0.93,0.1,0.58,0.17,17383,2.676666498184204
0.64,0.77,0.4,0.46,1.07,0.93,0.1,0.58,0.17,17458,2.677669048309326
0.64,0.77,0.41,0.46,1.07,0.93,0.09,0.58,0.17,17185,2.6809275150299072
0.64,0.77,0.41,0.47,1.07,0.93,0.1,0.58,0.17,17040,2.686357259750366
0.64,0.77,0.41,0.47,1.07,0.93,0.1,0.58,0.17,17121,2.6893792152404785
0.64,0.77,0.41,0.46,1.07,0.94,0.1,0.58,0.17,17086,2.6934101581573486
0.64,0.77,0.41,0.46,1.07,0.94,0.1,0.58,0.17,17193,2.6943905353546143
0.64,0.77,0.41,0.47,1.07,0.93,0.09,0.58,0.17,17280,2.698390483856201
0.64,0.77,0.41,0.46,1.07,0.93,0.09,0.58,0.17,16903,2.7017557621002197
0.64,0.77,0.41,0.46,1.07,0.93,0.09,0.58,0.17,17268,2.7057533264160156
0.64,0.77,0.41,0.46,1.07,0.93,0.1,0.58,0.17,18015,2.7067980766296387
0.64,0.77,0.41,0.46,1.08,0.93,0.09,0.58,0.17,18260,2.710249185562134
0.64,0.77,0.41,0.46,1.07,0.93,0.1,0.58,0.17,17561,2.713791608810425
0.64,0.77,0.41,0.45,1.08,0.93,0.1,0.58,0.17,17360,2.71798038482666
0.64,0.77,0.41,0.45,1.08,0.93,0.1,0.58,0.17,17485,2.7190399169921875
0.64,0.77,0.4,0.46,1.08,0.94,0.1,0.58,0.17,17788,2.722668409347534
0.64,0.77,0.41,0.46,1.08,0.93,0.1,0.58,0.17,17625,2.726687431335449
0.64,0.77,0.41,0.46,1.07,0.94,0.1,0.58,0.17,17474,2.729954719543457
0.64,0.77,0.41,0.46,1.08,0.94,0.1,0.58,0.17,17315,2.730689764022827
0.64,0.77,0.41,0.46,1.07,0.94,0.1,0.58,0.17,17172,2.7344226837158203
0.64,0.77,0.4,0.46,1.07,0.94,0.1,0.58,0.17,17237,2.7386763095855713
0.64,0.77,0.41,0.46,1.07,0.94,0.1,0.58,0.17,17436,2.7426767349243164
0.64,0.77,0.41,0.46,1.08,0.94,0.1,0.58,0.16,17397,2.743673324584961
0.64,0.77,0.41,0.46,1.07,0.94,0.1,0.58,0.17,17332,2.7466769218444824
0.64,0.77,0.41,0.46,1.07,0.93,0.1,0.58,0.17,17167,2.7516729831695557
0.64,0.77,0.41,0.46,1.07,0.94,0.1,0.58,0.17,16956,2.7549850940704346
0.64,0.77,0.41,0.47,1.07,0.94,0.1,0.58,0.17,17185,2.755934715270996
0.64,0.77,0.41,0.46,1.07,0.94,0.1,0.58,0.17,17252,2.759148120880127
0.64,0.77,0.41,0.46,1.07,0.94,0.1,0.58,0.17,16933,2.7633109092712402
0.64,0.77,0.41,0.46,1.07,0.94,0.1,0.58,0.17,17038,2.7677509784698486
0.64,0.77,0.41,0.46,1.07,0.94,0.1,0.58,0.17,17615,2.7677509784698486
0.65,0.77,0.41,0.46,1.07,0.94,0.1,0.58,0.17,17628,2.770878791809082
0.64,0.77,0.41,0.46,1.07,0.94,0.1,0.58,0.17,17101,2.776392936706543
0.64,0.77,0.41,0.47,1.07,0.94,0.1,0.58,0.17,16884,2.779597759246826
0.64,0.77,0.41,0.46,1.07,0.94,0.09,0.58,0.17,17219,2.7836272716522217
0.64,0.77,0.41,0.46,1.07,0.94,0.1,0.58,0.17,17144,2.7846269607543945
0.65,0.77,0.41,0.46,1.07,0.94,0.1,0.58,0.17,17169,2.7869598865509033
0.65,0.77,0.41,0.46,1.07,0.94,0.1,0.58,0.17,17124,2.791891574859619
0.64,0.77,0.41,0.46,1.07,0.94,0.1,0.58,0.17,16917,2.795497179031372
0.65,0.77,0.41,0.46,1.07,0.94,0.1,0.58,0.17,17146,2.7960762977600098
0.64,0.77,0.41,0.46,1.07,0.93,0.1,0.58,0.17,17611,2.800168752670288
0.64,0.78,0.41,0.46,1.07,0.94,0.1,0.58,0.17,17748,2.804387092590332
0.65,0.78,0.41,0.46,1.07,0.94,0.1,0.58,0.17,17699,2.8080039024353027
0.65,0.77,0.41,0.46,1.07,0.94,0.1,0.58,0.17,17492,2.8080039024353027
0.64,0.77,0.41,0.45,1.07,0.93,0.1,0.58,0.17,17303,2.8120248317718506
0.64,0.78,0.41,0.46,1.07,0.93,0.1,0.58,0.17,16898,2.8170251846313477
0.64,0.77,0.41,0.46,1.07,0.94,0.1,0.58,0.17,16499,2.8205230236053467
0.64,0.77,0.41,0.46,1.07,0.93,0.09,0.58,0.17,17124,2.82150936126709
0.64,0.77,0.41,0.46,1.07,0.94,0.1,0.58,0.17,17647,2.82552433013916
0.64,0.78,0.41,0.46,1.08,0.94,0.1,0.58,0.17,17346,2.8284313678741455
0.64,0.77,0.41,0.46,1.07,0.94,0.1,0.58,0.17,17227,2.8325905799865723
0.64,0.78,0.41,0.47,1.07,0.94,0.1,0.58,0.17,17092,2.8325905799865723
0.64,0.77,0.41,0.46,1.07,0.94,0.1,0.58,0.17,16995,2.837244749069214
0.64,0.77,0.41,0.47,1.07,0.94,0.1,0.58,0.17,17364,2.841250419616699
0.64,0.77,0.41,0.46,1.07,0.94,0.1,0.58,0.17,17541,2.8452506065368652
0.63,0.78,0.41,0.47,1.07,0.93,0.1,0.58,0.17,17074,2.8452506065368652
0.64,0.77,0.41,0.46,1.07,0.94,0.1,0.58,0.17,17113,2.848806142807007
0.63,0.78,0.41,0.46,1.07,0.94,0.09,0.58,0.17,17046,2.854208469390869
0.64,0.77,0.41,0.46,1.07,0.94,0.1,0.58,0.16,16909,2.858308792114258
0.64,0.77,0.41,0.46,1.07,0.94,0.1,0.58,0.17,16924,2.8614501953125
0.64,0.77,0.41,0.46,1.07,0.94,0.1,0.58,0.17,16807,2.8625059127807617
0.64,0.77,0.41,0.47,1.08,0.94,0.1,0.58,0.16,16846,2.8665013313293457
0.64,0.77,0.41,0.47,1.08,0.94,0.1,0.58,0.17,16719,2.8698623180389404
0.64,0.78,0.41,0.46,1.07,0.94,0.1,0.58,0.17,16938,2.87385892868042
0.64,0.78,0.41,0.46,1.08,0.94,0.1,0.58,0.17,17073,2.87385892868042
0.64,0.78,0.41,0.46,1.07,0.94,0.1,0.58,0.17,17114,2.8774688243865967
0.64,0.78,0.41,0.47,1.07,0.94,0.1,0.58,0.17,17437,2.8815953731536865
0.64,0.77,0.41,0.46,1.07,0.94,0.1,0.58,0.17,17364,2.885962963104248
0.64,0.77,0.41,0.46,1.07,0.93,0.09,0.58,0.17,17157,2.886720895767212
0.64,0.78,0.4,0.47,1.07,0.93,0.1,0.58,0.16,17302,2.8897221088409424
0.64,0.77,0.41,0.46,1.07,0.93,0.1,0.58,0.17,17417,2.894721746444702
0.65,0.78,0.41,0.46,1.07,0.93,0.1,0.58,0.17,17320,2.898209810256958
0.64,0.77,0.41,0.46,1.07,0.93,0.1,0.58,0.17,17159,2.8991143703460693
0.64,0.78,0.41,0.46,1.07,0.93,0.1,0.58,0.17,17342,2.9024367332458496
0.64,0.78,0.41,0.45,1.07,0.93,0.1,0.58,0.17,16889,2.9074935913085938
0.64,0.77,0.41,0.46,1.07,0.93,0.1,0.58,0.16,16802,2.911428451538086
0.64,0.77,0.41,0.46,1.07,0.93,0.1,0.58,0.17,16763,2.911428451538086
0.64,0.78,0.41,0.47,1.07,0.94,0.1,0.58,0.16,17100,2.9154915809631348
0.64,0.77,0.41,0.47,1.06,0.94,0.1,0.58,0.17,17275,2.9194915294647217
0.64,0.77,0.41,0.46,1.07,0.94,0.1,0.58,0.17,17498,2.9236371517181396
0.64,0.77,0.42,0.46,1.07,0.94,0.1,0.58,0.17,17203,2.9236371517181396
0.64,0.78,0.41,0.47,1.07,0.94,0.1,0.58,0.17,17068,2.9276368618011475
0.64,0.77,0.41,0.46,1.07,0.93,0.09,0.58,0.17,17419,2.9308955669403076
0.64,0.78,0.41,0.46,1.07,0.93,0.1,0.58,0.17,17526,2.9363176822662354
0.64,0.78,0.41,0.46,1.07,0.93,0.1,0.58,0.17,17227,2.9363176822662354
0.64,0.77,0.41,0.46,1.07,0.94,0.1,0.58,0.17,16902,2.9390103816986084
0.64,0.78,0.41,0.46,1.07,0.94,0.1,0.58,0.17,16551,2.9435455799102783
0.64,0.78,0.41,0.46,1.07,0.94,0.1,0.58,0.16,16754,2.948532819747925
0.64,0.78,0.41,0.46,1.07,0.94,0.1,0.58,0.17,16763,2.9518439769744873
0.64,0.77,0.41,0.46,1.07,0.94,0.09,0.58,0.16,16966,2.952364206314087
0.64,0.78,0.41,0.46,1.08,0.94,0.09,0.58,0.17,17189,2.9561960697174072
0.64,0.77,0.41,0.46,1.07,0.94,0.1,0.58,0.17,17232,2.959810972213745
0.64,0.77,0.41,0.46,1.07,0.94,0.09,0.58,0.17,16869,2.9638020992279053
0.64,0.77,0.41,0.46,1.07,0.94,0.1,0.58,0.17,17292,2.9648451805114746
0.64,0.77,0.41,0.46,1.07,0.94,0.1,0.58,0.17,17409,2.968472480773926
0.64,0.77,0.41,0.46,1.07,0.94,0.1,0.58,0.17,16980,2.9717493057250977
0.64,0.78,0.41,0.46,1.07,0.93,0.09,0.58,0.17,16893,2.9760360717773438
0.64,0.78,0.41,0.47,1.07,0.94,0.1,0.58,0.17,17172,2.9767959117889404
0.64,0.77,0.41,0.46,1.07,0.93,0.1,0.58,0.17,17607,2.9799108505249023
0.64,0.78,0.41,0.46,1.07,0.93,0.09,0.58,0.17,17482,2.984314441680908
0.64,0.77,0.41,0.46,1.07,0.94,0.1,0.58,0.17,17221,2.9885246753692627
0.64,0.78,0.41,0.46,1.07,0.93,0.1,0.58,0.16,17028,2.9885246753692627
0.64,0.78,0.41,0.46,1.07,0.94,0.1,0.58,0.17,16803,2.992244243621826
0.64,0.77,0.41,0.46,1.07,0.93,0.09,0.58,0.17,16944,2.9969847202301025
0.64,0.78,0.41,0.46,1.07,0.93,0.1,0.58,0.17,17035,3.001319646835327
0.64,0.78,0.41,0.46,1.07,0.93,0.1,0.58,0.17,17150,3.001319646835327
0.63,0.77,0.41,0.46,1.07,0.94,0.09,0.58,0.17,17313,3.0044474601745605
0.64,0.78,0.41,0.46,1.07,0.93,0.1,0.58,0.16,17396,3.008821725845337
0.64,0.78,0.41,0.46,1.07,0.93,0.09,0.58,0.17,17615,3.0131537914276123
0.65,0.78,0.41,0.46,1.07,0.94,0.09,0.58,0.17,17120,3.0160272121429443
0.64,0.78,0.41,0.46,1.07,0.94,0.1,0.58,0.17,16729,3.0171127319335938
0.64,0.78,0.41,0.46,1.07,0.94,0.09,0.58,0.17,17122,3.0210297107696533
0.64,0.78,0.41,0.46,1.07,0.93,0.1,0.58,0.17,17559,3.026013135910034
0.63,0.78,0.41,0.46,1.07,0.93,0.1,0.58,0.17,17318,3.0292739868164062
0.64,0.78,0.42,0.46,1.07,0.94,0.1,0.58,0.17,16935,3.030013084411621
0.63,0.77,0.41,0.46,1.07,0.93,0.1,0.58,0.17,17082,3.0344691276550293
0.64,0.78,0.41,0.46,1.07,0.93,0.1,0.58,0.17,17173,3.0372931957244873
0.64,0.77,0.41,0.46,1.07,0.93,0.1,0.58,0.17,17756,3.0419106483459473
0.64,0.77,0.41,0.47,1.07,0.93,0.1,0.58,0.17,17457,3.0419106483459473
0.64,0.78,0.41,0.46,1.07,0.93,0.1,0.58,0.17,16838,3.046440601348877
0.64,0.77,0.41,0.46,1.07,0.94,0.09,0.58,0.17,16537,3.050441265106201
0.64,0.77,0.41,0.46,1.07,0.93,0.1,0.58,0.17,16516,3.0540244579315186
0.64,0.77,0.41,0.46,1.07,0.93,0.1,0.58,0.17,16627,3.0540244579315186
0.64,0.78,0.41,0.46,1.07,0.93,0.1,0.58,0.17,16848,3.05832576751709
0.64,0.78,0.41,0.46,1.07,0.93,0.1,0.58,0.17,17611,3.0619304180145264
0.64,0.78,0.41,0.46,1.07,0.93,0.1,0.58,0.17,17522,3.066032886505127
0.64,0.77,0.41,0.46,1.07,0.93,0.1,0.58,0.17,16991,3.0670790672302246
0.64,0.78,0.41,0.46,1.07,0.93,0.1,0.58,0.16,17024,3.070559024810791
0.64,0.78,0.41,0.47,1.07,0.93,0.1,0.58,0.17,17497,3.074711322784424
0.64,0.78,0.41,0.46,1.07,0.93,0.1,0.58,0.17,17592,3.078786611557007
0.64,0.77,0.41,0.47,1.06,0.94,0.1,0.59,0.16,17157,3.0820746421813965
0.64,0.78,0.41,0.47,1.07,0.93,0.09,0.58,0.17,17242,3.0827717781066895
0.64,0.78,0.41,0.47,1.07,0.93,0.09,0.58,0.17,17285,3.086763381958008
0.64,0.78,0.41,0.47,1.07,0.94,0.1,0.58,0.17,17176,3.090791940689087
0.64,0.78,0.41,0.46,1.07,0.93,0.1,0.58,0.16,17075,3.094867706298828
0.64,0.78,0.41,0.47,1.07,0.94,0.1,0.58,0.17,17052,3.094867706298828
0.64,0.78,0.41,0.47,1.07,0.93,0.1,0.58,0.17,16897,3.099368095397949
0.64,0.77,0.41,0.46,1.07,0.93,0.1,0.59,0.17,16956,3.1029293537139893
0.64,0.78,0.41,0.46,1.07,0.93,0.1,0.58,0.17,16947,3.107313394546509
0.63,0.78,0.41,0.46,1.07,0.94,0.09,0.58,0.17,17084,3.1082348823547363
0.64,0.78,0.41,0.46,1.07,0.94,0.1,0.58,0.17,17401,3.11124849319458
0.64,0.78,0.41,0.46,1.07,0.93,0.1,0.59,0.17,17338,3.115689277648926
0.64,0.78,0.41,0.46,1.07,0.93,0.09,0.58,0.16,17653,3.12015962600708
0.64,0.78,0.41,0.46,1.07,0.94,0.1,0.58,0.17,17578,3.12015962600708
0.64,0.77,0.41,0.46,1.07,0.93,0.1,0.58,0.17,17195,3.1241495609283447
0.63,0.78,0.41,0.46,1.07,0.94,0.1,0.58,0.17,17524,3.1281983852386475
0.64,0.78,0.41,0.46,1.07,0.93,0.1,0.58,0.17,17913,3.1324803829193115
0.63,0.78,0.41,0.46,1.07,0.93,0.1,0.59,0.17,17414,3.1324803829193115
0.63,0.78,0.41,0.47,1.07,0.93,0.1,0.59,0.17,17193,3.1366312503814697
0.64,0.78,0.41,0.46,1.07,0.93,0.09,0.58,0.17,17338,3.1395626068115234
0.64,0.78,0.41,0.46,1.07,0.93,0.1,0.58,0.17,16675,3.144562005996704
0.64,0.78,0.41,0.46,1.07,0.93,0.1,0.58,0.17,16978,3.144562005996704
0.64,0.78,0.41,0.46,1.07,0.93,0.1,0.58,0.17,16991,3.14856219291687
0.64,0.78,0.41,0.46,1.07,0.93,0.1,0.58,0.17,17190,3.151562213897705
0.64,0.77,0.41,0.46,1.07,0.93,0.09,0.58,0.17,17609,3.1566078662872314
0.64,0.78,0.41,0.47,1.07,0.93,0.1,0.58,0.17,17132,3.1596460342407227
0.63,0.78,0.41,0.46,1.07,0.93,0.09,0.58,0.17,17093,3.160827875137329
0.63,0.78,0.41,0.46,1.07,0.93,0.09,0.58,0.17,17184,3.164182186126709
0.63,0.78,0.41,0.46,1.07,0.94,0.1,0.58,0.17,17293,3.169234275817871
0.63,0.78,0.41,0.46,1.07,0.93,0.09,0.59,0.17,17214,3.1723194122314453
0.64,0.78,0.41,0.46,1.07,0.93,0.1,0.59,0.17,17203,3.1723194122314453
0.64,0.78,0.41,0.47,1.07,0.93,0.1,0.59,0.17,16934,3.176807403564453
0.63,0.78,0.41,0.46,1.07,0.93,0.1,0.59,0.17,17241,3.1812803745269775
0.63,0.78,0.41,0.47,1.07,0.94,0.09,0.58,0.17,17262,3.1853013038635254
0.64,0.78,0.41,0.46,1.07,0.93,0.1,0.58,0.17,16809,3.1853013038635254
0.64,0.78,0.41,0.46,1.07,0.93,0.1,0.59,0.17,16592,3.189300537109375
0.64,0.78,0.41,0.46,1.07,0.94,0.1,0.58,0.17,17013,3.1935911178588867
0.64,0.78,0.41,0.46,1.07,0.94,0.09,0.59,0.17,17280,3.197618246078491
0.63,0.78,0.41,0.46,1.07,0.94,0.1,0.58,0.17,17099,3.197618246078491
0.63,0.78,0.41,0.46,1.07,0.93,0.09,0.59,0.17,17176,3.202303171157837
0.64,0.78,0.41,0.47,1.07,0.94,0.09,0.59,0.16,17307,3.2052862644195557
0.63,0.78,0.41,0.46,1.07,0.94,0.1,0.59,0.17,17216,3.210472822189331
0.64,0.78,0.41,0.46,1.07,0.94,0.1,0.59,0.17,17099,3.210472822189331
0.64,0.78,0.41,0.46,1.07,0.94,0.1,0.59,0.17,17172,3.2142114639282227
0.64,0.78,0.41,0.47,1.07,0.94,0.1,0.58,0.17,17221,3.2181975841522217
0.64,0.78,0.41,0.46,1.07,0.94,0.1,0.58,0.17,16956,3.2218823432922363
0.64,0.78,0.41,0.47,1.07,0.94,0.1,0.59,0.17,16889,3.225329875946045
0.63,0.78,0.41,0.46,1.07,0.94,0.1,0.58,0.17,16628,3.225329875946045
0.64,0.78,0.41,0.46,1.07,0.94,0.1,0.59,0.17,16879,3.229763984680176
0.64,0.78,0.41,0.46,1.07,0.94,0.1,0.58,0.17,17140,3.234837770462036
0.64,0.78,0.41,0.47,1.07,0.94,0.1,0.58,0.17,17317,3.2380058765411377
0.64,0.78,0.41,0.46,1.07,0.94,0.1,0.59,0.17,17320,3.2385265827178955
0.64,0.78,0.41,0.46,1.07,0.94,0.1,0.59,0.17,17743,3.2431230545043945
0.64,0.78,0.41,0.46,1.07,0.93,0.1,0.59,0.16,17592,3.2474796772003174
0.64,0.78,0.41,0.46,1.07,0.93,0.1,0.59,0.17,17603,3.2505760192871094
0.64,0.78,0.41,0.46,1.07,0.94,0.1,0.59,0.17,17506,3.2515573501586914
0.64,0.78,0.41,0.46,1.07,0.93,0.1,0.59,0.17,17445,3.254401683807373
0.64,0.78,0.41,0.46,1.07,0.93,0.1,0.59,0.17,17238,3.2588186264038086
0.64,0.78,0.41,0.46,1.07,0.93,0.1,0.59,0.17,17357,3.262500762939453
0.65,0.78,0.41,0.46,1.07,0.93,0.1,0.58,0.17,17000,3.263514757156372
0.64,0.78,0.41,0.46,1.07,0.93,0.1,0.59,0.17,17047,3.2675116062164307
0.64,0.78,0.41,0.46,1.07,0.94,0.1,0.59,0.17,17718,3.2713470458984375
0.64,0.78,0.41,0.46,1.07,0.93,0.1,0.59,0.17,17317,3.274353504180908
0.64,0.78,0.41,0.46,1.07,0.93,0.1,0.59,0.17,17088,3.2753326892852783
0.64,0.78,0.41,0.46,1.07,0.94,0.1,0.58,0.17,17519,3.2793538570404053
0.64,0.78,0.41,0.46,1.07,0.93,0.1,0.59,0.17,17570,3.283353805541992
0.63,0.78,0.41,0.46,1.07,0.94,0.1,0.58,0.17,17285,3.2873315811157227
0.63,0.79,0.41,0.46,1.06,0.94,0.1,0.58,0.17,17192,3.2873315811157227
0.64,0.78,0.41,0.46,1.07,0.93,0.1,0.59,0.17,17425,3.292353630065918
0.63,0.78,0.41,0.46,1.07,0.93,0.1,0.59,0.17,17548,3.2965691089630127
0.64,0.78,0.41,0.46,1.07,0.94,0.1,0.59,0.17,17483,3.3006742000579834
0.64,0.78,0.41,0.47,1.07,0.94,0.1,0.59,0.17,17530,3.3033182621002197
0.63,0.78,0.41,0.46,1.06,0.93,0.1,0.59,0.17,17507,3.303973436355591
0.64,0.78,0.41,0.46,1.06,0.93,0.1,0.59,0.17,16950,3.308631658554077
0.64,0.78,0.41,0.46,1.07,0.93,0.1,0.59,0.17,16749,3.3126301765441895
0.63,0.78,0.41,0.46,1.07,0.93,0.1,0.59,0.17,16772,3.3159358501434326
0.64,0.78,0.41,0.46,1.07,0.93,0.1,0.58,0.17,16917,3.3166234493255615
0.65,0.78,0.41,0.46,1.07,0.93,0.1,0.59,0.17,17484,3.3206350803375244
0.64,0.78,0.41,0.46,1.07,0.94,0.1,0.59,0.17,17299,3.3243520259857178
0.64,0.78,0.41,0.46,1.07,0.94,0.1,0.59,0.17,17224,3.3285162448883057
0.64,0.78,0.41,0.46,1.07,0.94,0.1,0.58,0.17,17113,3.3285162448883057
0.64,0.78,0.41,0.46,1.07,0.94,0.1,0.58,0.17,16830,3.3324732780456543
0.64,0.78,0.41,0.46,1.07,0.94,0.1,0.59,0.17,17017,3.3374736309051514
0.64,0.78,0.41,0.46,1.07,0.93,0.1,0.59,0.17,17540,3.3406643867492676
0.64,0.78,0.41,0.46,1.07,0.94,0.1,0.58,0.17,17589,3.3406643867492676
0.63,0.78,0.41,0.46,1.07,0.93,0.1,0.58,0.17,17174,3.3450427055358887
0.63,0.78,0.41,0.46,1.07,0.93,0.1,0.59,0.17,16945,3.3490493297576904
0.63,0.78,0.41,0.46,1.07,0.93,0.1,0.58,0.17,16898,3.3520395755767822
0.64,0.78,0.41,0.46,1.07,0.93,0.1,0.59,0.17,16909,3.35355806350708
0.64,0.78,0.41,0.46,1.07,0.93,0.09,0.59,0.17,17056,3.3566102981567383
0.64,0.78,0.41,0.46,1.07,0.93,0.1,0.59,0.17,17041,3.36085844039917
0.64,0.78,0.41,0.46,1.07,0.93,0.1,0.59,0.17,17408,3.3664443492889404
0.64,0.78,0.41,0.46,1.07,0.93,0.1,0.59,0.17,17331,3.36879563331604
0.64,0.77,0.41,0.46,1.07,0.93,0.1,0.59,0.17,17034,3.369882583618164
0.63,0.78,0.41,0.46,1.07,0.93,0.1,0.59,0.17,16957,3.3732757568359375
0.64,0.78,0.41,0.46,1.07,0.93,0.09,0.58,0.17,17078,3.3785736560821533
0.63,0.78,0.41,0.46,1.07,0.93,0.1,0.59,0.17,17251,3.3816773891448975
0.64,0.78,0.41,0.46,1.07,0.93,0.1,0.59,0.17,17540,3.3826093673706055
0.64,0.77,0.41,0.46,1.07,0.93,0.09,0.59,0.17,17049,3.3856360912323
0.63,0.77,0.41,0.46,1.07,0.93,0.1,0.59,0.17,16864,3.390608310699463
0.63,0.78,0.41,0.46,1.07,0.92,0.1,0.58,0.17,17131,3.3938653469085693
0.64,0.78,0.41,0.47,1.07,0.93,0.09,0.58,0.17,17316,3.3946101665496826
0.65,0.78,0.41,0.46,1.07,0.93,0.1,0.59,0.17,17339,3.398607015609741
0.64,0.78,0.41,0.47,1.07,0.93,0.1,0.59,0.17,17664,3.402167320251465
0.64,0.78,0.41,0.46,1.07,0.93,0.1,0.58,0.17,17783,3.4063351154327393
0.64,0.78,0.41,0.47,1.07,0.93,0.1,0.58,0.17,17372,3.4063351154327393
0.64,0.78,0.41,0.46,1.07,0.93,0.1,0.58,0.17,17441,3.410618782043457
0.64,0.78,0.41,0.46,1.06,0.93,0.1,0.58,0.17,17022,3.4154863357543945
0.64,0.78,0.41,0.46,1.07,0.93,0.1,0.59,0.17,16795,3.4186832904815674
0.64,0.78,0.41,0.46,1.07,0.93,0.1,0.58,0.16,17158,3.419482946395874
0.64,0.77,0.41,0.46,1.06,0.93,0.1,0.58,0.17,17045,3.4225752353668213
0.64,0.78,0.41,0.46,1.07,0.93,0.1,0.59,0.17,17192,3.427563428878784
0.64,0.78,0.41,0.46,1.06,0.93,0.1,0.59,0.17,16969,3.431563377380371
0.64,0.78,0.41,0.46,1.07,0.93,0.1,0.58,0.17,17240,3.4347994327545166
0.64,0.78,0.41,0.46,1.07,0.93,0.1,0.59,0.17,17581,3.435563325881958
0.63,0.78,0.41,0.46,1.07,0.93,0.1,0.59,0.17,17584,3.439108371734619
0.64,0.78,0.41,0.46,1.07,0.93,0.09,0.59,0.17,17675,3.4431631565093994
0.64,0.78,0.41,0.46,1.07,0.93,0.09,0.59,0.17,17678,3.447113275527954
0.64,0.78,0.41,0.46,1.07,0.93,0.1,0.59,0.17,17263,3.447113275527954
0.64,0.78,0.41,0.46,1.07,0.93,0.1,0.59,0.17,17456,3.451761245727539
0.64,0.78,0.41,0.46,1.07,0.93,0.1,0.59,0.17,17413,3.455197334289551
0.64,0.78,0.41,0.46,1.07,0.93,0.1,0.59,0.17,17012,3.459395170211792
0.64,0.78,0.41,0.46,1.07,0.93,0.1,0.59,0.17,16953,3.4604151248931885
0.64,0.78,0.42,0.46,1.07,0.93,0.1,0.58,0.17,17462,3.4644224643707275
0.64,0.78,0.41,0.46,1.07,0.94,0.09,0.59,0.17,17155,3.468421220779419
0.64,0.78,0.41,0.46,1.07,0.94,0.1,0.59,0.17,16808,3.47206974029541
0.64,0.78,0.41,0.46,1.07,0.94,0.1,0.59,0.17,17115,3.47206974029541
0.64,0.78,0.41,0.46,1.07,0.93,0.09,0.59,0.17,17860,3.476508378982544
0.64,0.78,0.41,0.46,1.07,0.93,0.1,0.59,0.17,17965,3.4801230430603027
0.64,0.78,0.41,0.46,1.07,0.93,0.1,0.59,0.17,17308,3.4841670989990234
0.64,0.78,0.41,0.46,1.07,0.93,0.1,0.59,0.17,17165,3.4841670989990234
0.64,0.78,0.41,0.46,1.07,0.93,0.1,0.59,0.17,17048,3.4881629943847656
0.64,0.78,0.41,0.46,1.07,0.93,0.1,0.59,0.17,17083,3.4931724071502686
0.65,0.78,0.41,0.46,1.06,0.93,0.1,0.59,0.17,17346,3.4971723556518555
0.64,0.78,0.41,0.46,1.07,0.93,0.1,0.59,0.17,17417,3.5001611709594727
0.64,0.78,0.41,0.46,1.07,0.93,0.1,0.59,0.17,17030,3.5001611709594727
0.64,0.78,0.41,0.46,1.07,0.93,0.1,0.59,0.17,16995,3.5041401386260986
0.64,0.77,0.41,0.46,1.07,0.93,0.1,0.58,0.17,17132,3.509160041809082
0.64,0.77,0.41,0.46,1.06,0.93,0.1,0.59,0.17,17155,3.512160062789917
0.64,0.78,0.41,0.46,1.07,0.93,0.1,0.59,0.17,17080,3.5131397247314453
0.64,0.78,0.41,0.46,1.06,0.94,0.1,0.59,0.17,17191,3.517127752304077
0.64,0.78,0.41,0.46,1.07,0.94,0.09,0.59,0.17,17312,3.5206665992736816
0.64,0.78,0.41,0.46,1.07,0.93,0.1,0.59,0.17,17493,3.5243444442749023
0.64,0.78,0.41,0.46,1.07,0.94,0.09,0.59,0.17,17338,3.525344133377075
0.65,0.78,0.41,0.46,1.07,0.93,0.1,0.59,0.17,17017,3.529344081878662
0.64,0.78,0.41,0.46,1.07,0.93,0.09,0.59,0.17,16892,3.5333449840545654
0.64,0.77,0.41,0.47,1.06,0.93,0.1,0.59,0.17,17235,3.5373449325561523
0.64,0.78,0.41,0.46,1.07,0.94,0.1,0.59,0.17,17338,3.5373449325561523
0.64,0.78,0.41,0.46,1.07,0.93,0.1,0.59,0.17,17415,3.542343854904175
0.64,0.78,0.41,0.46,1.07,0.94,0.1,0.59,0.17,17320,3.5458405017852783
0.64,0.78,0.41,0.47,1.07,0.93,0.1,0.59,0.17,17035,3.5495853424072266
0.64,0.78,0.41,0.46,1.07,0.93,0.1,0.59,0.17,17200,3.5505661964416504
0.64,0.78,0.41,0.46,1.07,0.94,0.09,0.59,0.17,17331,3.5535664558410645
0.64,0.78,0.41,0.46,1.06,0.94,0.1,0.59,0.17,17404,3.5586133003234863
0.64,0.77,0.41,0.46,1.06,0.93,0.1,0.59,0.17,17109,3.5619423389434814
0.64,0.78,0.41,0.46,1.07,0.93,0.1,0.59,0.17,17310,3.5619423389434814
0.64,0.78,0.41,0.46,1.07,0.93,0.1,0.59,0.17,17615,3.5659921169281006
0.64,0.78,0.41,0.46,1.07,0.93,0.09,0.59,0.17,17762,3.57000470161438
0.64,0.77,0.41,0.46,1.07,0.93,0.1,0.59,0.17,17451,3.574254274368286
0.64,0.78,0.41,0.46,1.06,0.93,0.1,0.59,0.17,17620,3.5772545337677
0.64,0.78,0.41,0.46,1.06,0.93,0.1,0.59,0.17,17411,3.578253984451294
0.64,0.78,0.41,0.46,1.07,0.93,0.09,0.59,0.17,17396,3.5824835300445557
0.64,0.78,0.41,0.47,1.06,0.93,0.1,0.59,0.17,17433,3.5876667499542236
0.64,0.78,0.41,0.45,1.06,0.93,0.1,0.59,0.17,17912,3.59047269821167
0.64,0.78,0.42,0.46,1.06,0.94,0.1,0.59,0.17,17839,3.59047269821167
0.65,0.78,0.41,0.46,1.06,0.94,0.09,0.59,0.17,17526,3.595566987991333
0.64,0.78,0.41,0.47,1.06,0.93,0.1,0.59,0.17,17657,3.599566698074341
0.64,0.78,0.41,0.47,1.07,0.93,0.1,0.59,0.17,17662,3.602789878845215
0.64,0.78,0.41,0.46,1.06,0.93,0.1,0.59,0.17,17155,3.6035666465759277
0.64,0.78,0.41,0.47,1.07,0.94,0.1,0.59,0.17,17326,3.607567071914673
0.64,0.78,0.41,0.47,1.06,0.93,0.1,0.59,0.16,16939,3.6110920906066895
0.64,0.78,0.41,0.46,1.07,0.93,0.1,0.59,0.17,17048,3.615097761154175
0.64,0.78,0.42,0.46,1.07,0.94,0.1,0.59,0.17,17097,3.615097761154175
0.64,0.78,0.41,0.46,1.06,0.93,0.1,0.59,0.17,17092,3.6191084384918213
0.63,0.79,0.41,0.46,1.06,0.94,0.1,0.59,0.17,16961,3.6228559017181396
0.64,0.78,0.41,0.46,1.06,0.93,0.1,0.59,0.17,17320,3.627415418624878
0.63,0.78,0.41,0.46,1.06,0.94,0.1,0.59,0.17,17335,3.6284708976745605
0.64,0.78,0.41,0.46,1.07,0.93,0.1,0.59,0.17,17412,3.6311285495758057
0.64,0.78,0.41,0.46,1.06,0.94,0.1,0.59,0.17,17313,3.6361660957336426
0.64,0.78,0.41,0.46,1.07,0.94,0.1,0.59,0.17,17162,3.6394829750061035
0.63,0.78,0.41,0.46,1.06,0.94,0.1,0.59,0.17,17423,3.643786907196045
0.64,0.78,0.41,0.46,1.07,0.94,0.1,0.59,0.17,17518,3.64449405670166
0.64,0.78,0.41,0.46,1.07,0.94,0.1,0.59,0.17,17259,3.647904634475708
0.63,0.78,0.41,0.46,1.06,0.94,0.1,0.59,0.17,17980,3.652453899383545
0.64,0.78,0.41,0.46,1.07,0.93,0.1,0.59,0.17,17905,3.656002998352051
0.64,0.78,0.41,0.46,1.07,0.94,0.09,0.59,0.17,17432,3.656002998352051
0.64,0.78,0.41,0.46,1.06,0.94,0.1,0.59,0.17,17621,3.660557985305786
0.64,0.78,0.41,0.46,1.07,0.94,0.09,0.59,0.17,17602,3.6650662422180176
0.64,0.78,0.41,0.46,1.07,0.93,0.1,0.59,0.17,17137,3.668210506439209
0.64,0.78,0.41,0.46,1.06,0.94,0.1,0.59,0.17,17154,3.668210506439209
0.63,0.78,0.41,0.46,1.06,0.94,0.1,0.59,0.17,17465,3.6730663776397705
0.64,0.78,0.41,0.46,1.06,0.94,0.1,0.59,0.17,17154,3.6766109466552734
0.64,0.78,0.41,0.47,1.06,0.94,0.1,0.59,0.17,17393,3.6804327964782715
0.64,0.78,0.41,0.46,1.07,0.94,0.1,0.59,0.17,17538,3.681478977203369
0.64,0.78,0.41,0.46,1.06,0.94,0.1,0.59,0.17,17797,3.6854143142700195
0.64,0.78,0.41,0.46,1.06,0.94,0.1,0.59,0.17,17496,3.6888442039489746
0.64,0.78,0.41,0.46,1.06,0.94,0.1,0.59,0.17,16939,3.6929616928100586
0.64,0.78,0.41,0.46,1.06,0.93,0.09,0.58,0.17,16772,3.6929616928100586
0.64,0.78,0.41,0.46,1.06,0.93,0.1,0.59,0.17,17137,3.696965217590332
0.64,0.78,0.41,0.46,1.06,0.94,0.1,0.59,0.17,16970,3.701890230178833
0.64,0.78,0.41,0.46,1.07,0.94,0.1,0.59,0.17,17063,3.7048988342285156
0.63,0.78,0.41,0.46,1.06,0.94,0.09,0.59,0.17,17284,3.7048988342285156
0.64,0.78,0.41,0.46,1.06,0.93,0.1,0.59,0.17,17575,3.70904803276062
0.64,0.78,0.42,0.46,1.07,0.93,0.1,0.58,0.17,17828,3.713191032409668
0.64,0.78,0.41,0.46,1.06,0.93,0.1,0.59,0.17,17131,3.7173173427581787
0.64,0.78,0.41,0.46,1.06,0.93,0.09,0.58,0.17,17038,3.721102237701416
0.64,0.78,0.41,0.46,1.07,0.94,0.1,0.59,0.17,17379,3.721102237701416
0.64,0.78,0.41,0.46,1.06,0.94,0.1,0.58,0.17,17330,3.726113796234131
0.64,0.78,0.41,0.46,1.06,0.93,0.1,0.59,0.17,16839,3.730114698410034
0.64,0.78,0.41,0.46,1.06,0.93,0.1,0.59,0.17,16804,3.733105421066284
0.64,0.78,0.41,0.46,1.06,0.94,0.1,0.59,0.17,17321,3.7341177463531494
0.64,0.78,0.41,0.46,1.06,0.94,0.1,0.58,0.17,17618,3.738125801086426
0.64,0.78,0.41,0.46,1.06,0.94,0.1,0.59,0.17,16961,3.741847276687622
0.64,0.78,0.41,0.46,1.06,0.94,0.09,0.59,0.17,17146,3.7453958988189697
0.64,0.78,0.41,0.46,1.06,0.94,0.1,0.58,0.17,17621,3.7463879585266113
0.64,0.78,0.41,0.46,1.06,0.94,0.1,0.59,0.16,17694,3.7503881454467773
0.64,0.78,0.41,0.46,1.06,0.94,0.1,0.58,0.17,17601,3.7544684410095215
0.64,0.78,0.41,0.46,1.06,0.93,0.1,0.59,0.17,17374,3.7585887908935547
0.64,0.78,0.41,0.46,1.06,0.93,0.1,0.59,0.17,17183,3.7595889568328857
0.64,0.78,0.41,0.46,1.07,0.93,0.1,0.59,0.17,17228,3.7626843452453613
0.65,0.78,0.41,0.46,1.06,0.93,0.1,0.59,0.17,17461,3.766707181930542
0.64,0.78,0.41,0.46,1.06,0.94,0.1,0.59,0.16,17136,3.7704808712005615
0.64,0.78,0.41,0.47,1.07,0.94,0.09,0.59,0.17,17319,3.7704808712005615
0.64,0.78,0.41,0.46,1.06,0.94,0.1,0.59,0.17,17284,3.7745110988616943
0.65,0.78,0.41,0.46,1.06,0.94,0.1,0.59,0.17,17181,3.7788946628570557
0.64,0.78,0.41,0.46,1.07,0.94,0.09,0.59,0.16,17380,3.7828924655914307
0.65,0.77,0.41,0.46,1.06,0.94,0.1,0.59,0.17,17467,3.7828924655914307
0.64,0.78,0.41,0.46,1.06,0.94,0.1,0.59,0.17,17546,3.786895275115967
0.64,0.78,0.41,0.46,1.07,0.94,0.1,0.58,0.17,16931,3.7908856868743896
0.64,0.78,0.41,0.46,1.06,0.94,0.1,0.58,0.17,16894,3.7951035499572754
0.64,0.78,0.41,0.46,1.06,0.94,0.1,0.59,0.17,17283,3.7984611988067627
0.64,0.78,0.41,0.46,1.06,0.94,0.1,0.58,0.17,17458,3.799440860748291
0.64,0.78,0.41,0.46,1.06,0.94,0.1,0.58,0.17,17473,3.8034627437591553
0.64,0.78,0.41,0.46,1.07,0.94,0.1,0.58,0.17,17422,3.808440923690796
0.64,0.78,0.41,0.46,1.06,0.94,0.1,0.58,0.17,17361,3.8119771480560303
0.64,0.78,0.41,0.46,1.06,0.94,0.1,0.58,0.17,17372,3.8119771480560303
0.63,0.78,0.41,0.46,1.07,0.94,0.1,0.58,0.17,17179,3.8162872791290283
0.64,0.77,0.41,0.46,1.06,0.94,0.1,0.58,0.17,17056,3.8205201625823975
0.64,0.78,0.41,0.46,1.06,0.94,0.1,0.58,0.16,17341,3.823789358139038
0.64,0.77,0.41,0.46,1.06,0.94,0.1,0.58,0.17,17422,3.8244991302490234
0.64,0.77,0.41,0.46,1.07,0.94,0.1,0.58,0.17,17033,3.827960968017578
0.64,0.78,0.41,0.47,1.06,0.94,0.09,0.58,0.17,16924,3.832211971282959
0.64,0.78,0.41,0.46,1.06,0.94,0.1,0.58,0.16,16935,3.8362042903900146
0.64,0.78,0.41,0.46,1.06,0.94,0.1,0.58,0.17,17212,3.8362042903900146
0.64,0.77,0.41,0.46,1.06,0.94,0.1,0.58,0.17,17233,3.840221881866455
0.65,0.77,0.41,0.46,1.07,0.94,0.1,0.58,0.17,17162,3.8446688652038574
0.65,0.78,0.41,0.46,1.07,0.94,0.09,0.58,0.17,16775,3.8483223915100098
0.65,0.78,0.41,0.46,1.06,0.94,0.1,0.59,0.17,16972,3.8496780395507812
0.64,0.78,0.41,0.46,1.07,0.94,0.1,0.58,0.17,17303,3.85215425491333
0.65,0.78,0.41,0.46,1.06,0.94,0.1,0.59,0.17,17596,3.8566813468933105
0.65,0.78,0.41,0.46,1.06,0.94,0.1,0.58,0.17,17475,3.8606739044189453
0.64,0.78,0.41,0.46,1.06,0.94,0.1,0.59,0.17,17628,3.8616743087768555
0.65,0.78,0.41,0.46,1.06,0.94,0.1,0.58,0.17,17465,3.8646743297576904
0.64,0.78,0.41,0.46,1.06,0.94,0.1,0.59,0.17,17246,3.868701934814453
0.64,0.77,0.41,0.46,1.06,0.94,0.1,0.59,0.17,16939,3.8729610443115234
0.64,0.78,0.41,0.46,1.06,0.94,0.1,0.58,0.17,17440,3.8739559650421143
0.65,0.77,0.41,0.46,1.06,0.94,0.1,0.59,0.17,17633,3.8770511150360107
0.64,0.77,0.41,0.46,1.06,0.94,0.1,0.59,0.17,17298,3.8810551166534424
0.64,0.78,0.41,0.46,1.06,0.94,0.1,0.59,0.17,17299,3.886432647705078
0.64,0.78,0.41,0.46,1.06,0.94,0.1,0.59,0.17,17320,3.8896055221557617
0.64,0.78,0.41,0.46,1.06,0.94,0.1,0.58,0.17,17363,3.8904330730438232
0.64,0.78,0.41,0.46,1.06,0.94,0.1,0.59,0.17,17338,3.89397931098938
0.64,0.78,0.41,0.46,1.06,0.94,0.1,0.59,0.16,17385,3.8979837894439697
0.65,0.77,0.41,0.46,1.06,0.94,0.1,0.59,0.16,17280,3.9018006324768066
0.64,0.78,0.41,0.46,1.06,0.94,0.1,0.59,0.17,17149,3.9029109477996826
0.65,0.77,0.41,0.46,1.06,0.94,0.1,0.59,0.17,17352,3.906681776046753
0.65,0.78,0.41,0.46,1.06,0.94,0.09,0.59,0.17,17619,3.9099948406219482
0.65,0.78,0.41,0.46,1.06,0.94,0.1,0.59,0.16,17768,3.913797378540039
0.65,0.77,0.41,0.46,1.06,0.94,0.09,0.59,0.17,17475,3.914808988571167
0.65,0.78,0.41,0.46,1.06,0.94,0.11,0.59,0.17,17232,3.918060541152954
0.64,0.77,0.41,0.46,1.06,0.94,0.09,0.59,0.17,17259,3.9220123291015625
0.64,0.78,0.41,0.46,1.06,0.94,0.1,0.59,0.17,17280,3.9271271228790283
0.65,0.77,0.41,0.46,1.06,0.93,0.09,0.59,0.17,17253,3.9271271228790283
0.65,0.77,0.41,0.46,1.06,0.94,0.1,0.59,0.17,17014,3.931506633758545
0.65,0.77,0.41,0.47,1.06,0.94,0.1,0.59,0.17,17313,3.935506582260132
0.65,0.78,0.41,0.46,1.06,0.93,0.1,0.59,0.16,17778,3.939657211303711
0.65,0.78,0.41,0.46,1.06,0.93,0.1,0.59,0.17,17555,3.939657211303711
0.65,0.78,0.41,0.46,1.06,0.94,0.1,0.59,0.17,17474,3.9429328441619873
0.64,0.78,0.41,0.46,1.06,0.93,0.1,0.59,0.16,17589,3.946932792663574
0.65,0.78,0.41,0.46,1.06,0.94,0.09,0.59,0.17,17558,3.951533555984497
0.64,0.78,0.41,0.46,1.06,0.94,0.1,0.59,0.17,17417,3.9549334049224854
0.65,0.78,0.41,0.46,1.06,0.94,0.1,0.59,0.17,16968,3.9556703567504883
0.65,0.78,0.41,0.46,1.06,0.94,0.09,0.58,0.17,16873,3.9590485095977783
0.64,0.78,0.41,0.46,1.06,0.94,0.1,0.58,0.17,17484,3.9641733169555664
0.65,0.78,0.41,0.46,1.06,0.94,0.1,0.59,0.17,17647,3.9672138690948486
0.65,0.78,0.41,0.46,1.06,0.94,0.1,0.58,0.17,17808,3.968215227127075
0.65,0.78,0.41,0.46,1.06,0.94,0.1,0.58,0.17,17351,3.9712822437286377
0.65,0.78,0.41,0.46,1.06,0.93,0.1,0.59,0.17,17020,3.9752771854400635
0.64,0.78,0.41,0.46,1.06,0.94,0.09,0.59,0.17,17251,3.9792749881744385
0.65,0.78,0.41,0.46,1.06,0.94,0.09,0.59,0.17,17312,3.9804630279541016
0.64,0.78,0.41,0.46,1.06,0.94,0.1,0.58,0.17,17403,3.983691692352295
0.64,0.78,0.41,0.46,1.06,0.94,0.1,0.59,0.17,16902,3.987522840499878
0.65,0.78,0.41,0.46,1.06,0.94,0.1,0.59,0.17,17051,3.99167537689209
0.64,0.78,0.41,0.46,1.06,0.94,0.09,0.59,0.17,17502,3.992706775665283
0.64,0.78,0.41,0.46,1.06,0.94,0.09,0.59,0.17,17453,3.9957048892974854
0.65,0.78,0.41,0.46,1.06,0.94,0.1,0.58,0.17,17150,3.999703884124756
0.64,0.78,0.41,0.46,1.06,0.94,0.1,0.59,0.17,17195,4.003922700881958
0.64,0.78,0.41,0.46,1.06,0.94,0.1,0.59,0.17,17640,4.004929780960083
0.65,0.78,0.41,0.46,1.06,0.94,0.09,0.59,0.17,17853,4.0078887939453125
0.64,0.78,0.41,0.46,1.06,0.94,0.09,0.58,0.17,17168,4.011888742446899
0.64,0.77,0.41,0.46,1.06,0.94,0.1,0.58,0.17,16847,4.0168890953063965
0.64,0.78,0.41,0.46,1.06,0.94,0.1,0.58,0.17,16952,4.0168890953063965
0.64,0.78,0.41,0.46,1.06,0.93,0.1,0.59,0.17,17097,4.020994186401367
0.64,0.78,0.41,0.46,1.06,0.94,0.1,0.59,0.17,16946,4.024524688720703
0.64,0.78,0.41,0.46,1.06,0.94,0.1,0.59,0.17,17589,4.028566360473633
0.64,0.77,0.41,0.46,1.06,0.93,0.1,0.59,0.17,17396,4.0295679569244385
0.65,0.78,0.4,0.46,1.06,0.93,0.1,0.59,0.16,16899,4.0325658321380615
0.65,0.78,0.41,0.46,1.06,0.93,0.1,0.59,0.17,17426,4.036962032318115
0.65,0.78,0.41,0.46,1.06,0.93,0.1,0.59,0.17,17471,4.041117191314697
0.65,0.78,0.4,0.46,1.05,0.93,0.1,0.59,0.17,17618,4.045662879943848
0.65,0.78,0.41,0.46,1.06,0.93,0.09,0.59,0.16,17009,4.045662879943848
0.64,0.78,0.4,0.46,1.06,0.93,0.09,0.59,0.17,16872,4.049165964126587
0.64,0.79,0.4,0.46,1.06,0.93,0.1,0.59,0.17,16705,4.0537238121032715
0.64,0.78,0.41,0.45,1.06,0.93,0.09,0.58,0.17,17334,4.057920694351196
0.65,0.78,0.4,0.46,1.06,0.93,0.1,0.59,0.16,17381,4.057920694351196
0.64,0.78,0.41,0.46,1.06,0.93,0.1,0.59,0.17,16852,4.061443567276001
0.64,0.78,0.41,0.46,1.06,0.93,0.09,0.58,0.17,17395,4.065593481063843
0.65,0.78,0.41,0.45,1.05,0.93,0.1,0.59,0.17,17744,4.069908380508423
0.64,0.78,0.41,0.46,1.06,0.93,0.1,0.59,0.17,17441,4.070991039276123
0.64,0.78,0.4,0.46,1.05,0.93,0.09,0.59,0.17,17330,4.074064254760742
0.64,0.78,0.4,0.46,1.06,0.93,0.1,0.58,0.17,17113,4.078472137451172
0.64,0.78,0.4,0.45,1.06,0.94,0.1,0.58,0.17,16784,4.082472085952759
0.61,0.78,0.4,0.45,1.06,0.93,0.1,0.58,0.17,16909,4.082472085952759
0.62,0.78,0.4,0.44,1.06,0.93,0.09,0.58,0.17,17350,4.085472345352173
0.62,0.78,0.4,0.45,1.06,0.93,0.09,0.58,0.17,17259,4.090167999267578
0.62,0.78,0.4,0.45,1.06,0.94,0.1,0.59,0.17,16758,4.094533681869507
0.62,0.78,0.4,0.45,1.06,0.93,0.1,0.58,0.17,16973,4.095525026321411
0.62,0.78,0.41,0.45,1.06,0.94,0.1,0.59,0.17,17434,4.098546504974365
0.62,0.78,0.41,0.46,1.06,0.94,0.1,0.59,0.17,17519,4.103021144866943
0.62,0.78,0.4,0.46,1.07,0.95,0.1,0.58,0.17,16986,4.107243776321411
0.62,0.78,0.4,0.46,1.06,0.94,0.09,0.58,0.17,17175,4.110634088516235
0.62,0.78,0.41,0.45,1.06,0.94,0.09,0.59,0.17,17344,4.111679792404175
0.62,0.78,0.41,0.46,1.06,0.94,0.09,0.59,0.17,17605,4.114677429199219
0.62,0.78,0.41,0.46,1.06,0.94,0.1,0.58,0.17,17906,4.118995189666748
0.62,0.78,0.4,0.46,1.06,0.94,0.09,0.58,0.16,17665,4.122597932815552
0.62,0.78,0.41,0.45,1.06,0.94,0.09,0.58,0.17,17548,4.123660564422607
0.62,0.77,0.41,0.46,1.05,0.93,0.09,0.59,0.17,17279,4.126646041870117
0.62,0.78,0.41,0.45,1.06,0.94,0.1,0.58,0.17,17330,4.131643056869507
0.62,0.77,0.41,0.45,1.06,0.94,0.1,0.58,0.17,17815,4.135641098022461
0.62,0.78,0.4,0.45,1.06,0.94,0.09,0.58,0.17,17338,4.135641098022461
0.62,0.78,0.41,0.45,1.06,0.94,0.1,0.58,0.17,17419,4.139218330383301
0.62,0.78,0.41,0.46,1.06,0.94,0.09,0.58,0.17,17576,4.143662929534912
0.63,0.77,0.41,0.45,1.06,0.94,0.1,0.59,0.17,17057,4.148025274276733
0.63,0.78,0.41,0.45,1.06,0.94,0.1,0.58,0.17,17382,4.148025274276733
0.62,0.78,0.41,0.45,1.06,0.94,0.09,0.58,0.17,17323,4.152159690856934
0.63,0.78,0.41,0.45,1.06,0.94,0.1,0.58,0.17,17106,4.155405759811401
0.63,0.77,0.41,0.45,1.06,0.93,0.09,0.58,0.17,17185,4.160548448562622
0.62,0.78,0.41,0.44,1.06,0.93,0.1,0.58,0.17,17390,4.1606361865997314
0.63,0.77,0.41,0.45,1.06,0.93,0.09,0.58,0.16,16907,4.163637638092041
0.62,0.78,0.41,0.45,1.06,0.94,0.1,0.58,0.17,16412,4.16792893409729
0.63,0.78,0.4,0.45,1.06,0.93,0.1,0.58,0.17,17097,4.172731637954712
0.62,0.78,0.4,0.44,1.06,0.94,0.09,0.58,0.17,17264,4.1759960651397705
0.62,0.78,0.4,0.43,1.06,0.94,0.1,0.58,0.17,17199,4.1759960651397705
0.62,0.77,0.41,0.44,1.06,0.93,0.1,0.58,0.17,17554,4.179930210113525
0.62,0.78,0.41,0.44,1.06,0.93,0.09,0.58,0.17,17475,4.184228181838989
0.63,0.78,0.4,0.44,1.06,0.94,0.09,0.58,0.17,17198,4.18826699256897
0.62,0.78,0.4,0.43,1.06,0.94,0.09,0.58,0.17,17109,4.188678503036499
0.62,0.78,0.41,0.44,1.05,0.94,0.09,0.58,0.17,17296,4.19268536567688
0.62,0.78,0.41,0.44,1.06,0.94,0.09,0.58,0.16,17115,4.19668436050415
0.61,0.78,0.41,0.44,1.06,0.94,0.09,0.58,0.17,17160,4.200683832168579
0.61,0.78,0.41,0.44,1.06,0.93,0.1,0.58,0.17,16945,4.201680898666382
0.61,0.78,0.41,0.44,1.06,0.94,0.09,0.58,0.17,17034,4.20471715927124
0.61,0.78,0.41,0.43,1.06,0.93,0.09,0.58,0.17,17061,4.20877480506897
0.61,0.78,0.41,0.43,1.06,0.94,0.09,0.58,0.17,17438,4.212806701660156
0.62,0.78,0.41,0.43,1.05,0.94,0.09,0.58,0.17,17395,4.212806701660156
0.62,0.78,0.4,0.43,1.06,0.94,0.09,0.58,0.17,17422,4.216902256011963
0.62,0.78,0.41,0.44,1.06,0.94,0.09,0.58,0.17,17303,4.220882177352905
0.62,0.78,0.4,0.44,1.06,0.94,0.09,0.58,0.17,17228,4.22605562210083
0.62,0.78,0.41,0.44,1.06,0.94,0.09,0.59,0.17,17245,4.22605562210083
0.63,0.78,0.4,0.44,1.06,0.94,0.09,0.59,0.17,17290,4.229562759399414
0.62,0.78,0.4,0.44,1.06,0.94,0.08,0.58,0.17,17737,4.234645366668701
0.63,0.78,0.4,0.44,1.05,0.94,0.09,0.59,0.17,17766,4.238647937774658
0.62,0.78,0.4,0.44,1.06,0.94,0.09,0.58,0.16,17231,4.238647937774658
0.62,0.78,0.4,0.43,1.06,0.94,0.09,0.58,0.17,17132,4.242291212081909
0.62,0.78,0.41,0.43,1.06,0.94,0.1,0.58,0.17,17683,4.245861291885376
0.62,0.78,0.4,0.44,1.05,0.94,0.09,0.58,0.17,17764,4.250038146972656
0.62,0.78,0.4,0.43,1.05,0.94,0.09,0.58,0.17,17357,4.2535834312438965
0.62,0.78,0.4,0.44,1.05,0.94,0.09,0.58,0.17,17262,4.2535834312438965
0.62,0.78,0.4,0.44,1.05,0.94,0.09,0.58,0.17,17089,4.258101463317871
0.63,0.78,0.4,0.44,1.05,0.94,0.09,0.59,0.17,17004,4.26281213760376
0.62,0.78,0.4,0.44,1.05,0.94,0.09,0.58,0.17,16835,4.266849756240845
0.63,0.78,0.4,0.44,1.05,0.94,0.1,0.59,0.17,17106,4.266849756240845
0.62,0.78,0.4,0.44,1.05,0.94,0.09,0.58,0.16,17331,4.270423412322998
0.63,0.78,0.41,0.44,1.05,0.94,0.09,0.58,0.17,17052,4.275578498840332
0.63,0.78,0.4,0.44,1.05,0.94,0.09,0.58,0.17,16987,4.278045177459717
0.62,0.77,0.41,0.43,1.06,0.94,0.09,0.58,0.17,16878,4.27911114692688
0.63,0.78,0.4,0.44,1.05,0.93,0.09,0.58,0.17,16893,4.283243894577026
0.63,0.78,0.4,0.44,1.05,0.94,0.1,0.58,0.17,17188,4.28731632232666
0.63,0.78,0.41,0.44,1.05,0.94,0.1,0.59,0.17,17183,4.2908642292022705
0.63,0.78,0.41,0.44,1.05,0.93,0.09,0.58,0.17,17004,4.2919323444366455
0.63,0.78,0.4,0.44,1.06,0.94,0.09,0.59,0.17,16717,4.294971466064453
0.63,0.78,0.41,0.44,1.05,0.94,0.09,0.58,0.17,17142,4.29913592338562
0.63,0.78,0.41,0.44,1.05,0.94,0.1,0.58,0.17,17235,4.30271577835083
0.62,0.78,0.41,0.44,1.05,0.94,0.09,0.59,0.17,17384,4.303770542144775
0.62,0.78,0.41,0.44,1.05,0.94,0.1,0.59,0.17,17329,4.307030439376831
0.62,0.78,0.41,0.43,1.05,0.93,0.09,0.59,0.17,17448,4.312030553817749
0.62,0.78,0.4,0.43,1.04,0.93,0.09,0.58,0.17,17315,4.3166773319244385
0.62,0.78,0.41,0.43,1.05,0.94,0.1,0.59,0.17,17510,4.319653034210205
0.62,0.78,0.41,0.44,1.05,0.93,0.1,0.59,0.17,17559,4.319653034210205
0.62,0.78,0.41,0.43,1.05,0.93,0.1,0.58,0.17,17496,4.323671102523804
0.62,0.78,0.41,0.44,1.05,0.94,0.1,0.59,0.17,17361,4.327908039093018
0.62,0.78,0.41,0.45,1.05,0.94,0.1,0.59,0.17,17498,4.331514596939087
0.63,0.78,0.4,0.45,1.05,0.93,0.1,0.58,0.17,17847,4.332546949386597
0.63,0.78,0.41,0.45,1.05,0.94,0.1,0.59,0.17,17402,4.336528539657593
0.62,0.78,0.41,0.44,1.04,0.93,0.1,0.58,0.17,16995,4.34055495262146
0.63,0.78,0.41,0.45,1.05,0.94,0.1,0.59,0.17,17316,4.343552350997925
0.63,0.78,0.41,0.45,1.04,0.93,0.1,0.58,0.17,17219,4.344552516937256
0.63,0.77,0.41,0.45,1.05,0.94,0.1,0.59,0.17,17068,4.348543167114258
0.63,0.78,0.41,0.45,1.05,0.94,0.09,0.58,0.17,17413,4.352667570114136
0.63,0.77,0.41,0.45,1.05,0.93,0.1,0.58,0.17,17400,4.356078147888184
0.63,0.78,0.4,0.45,1.05,0.93,0.1,0.59,0.17,17347,4.357142210006714
0.63,0.78,0.4,0.45,1.05,0.93,0.1,0.58,0.17,17010,4.360541582107544
0.63,0.78,0.41,0.45,1.04,0.93,0.1,0.58,0.17,17267,4.365532398223877
0.63,0.78,0.41,0.44,1.05,0.93,0.1,0.59,0.17,17670,4.368508815765381
0.63,0.78,0.4,0.45,1.05,0.93,0.1,0.59,0.17,17279,4.368508815765381
0.63,0.78,0.4,0.45,1.05,0.93,0.1,0.58,0.17,17180,4.372503280639648
0.63,0.78,0.4,0.45,1.05,0.93,0.09,0.58,0.17,17197,4.37664794921875
0.63,0.78,0.41,0.45,1.04,0.93,0.1,0.59,0.17,17206,4.380526542663574
0.64,0.78,0.4,0.45,1.05,0.93,0.09,0.59,0.17,17533,4.3847620487213135
0.63,0.78,0.41,0.45,1.05,0.94,0.1,0.59,0.17,17580,4.3847620487213135
0.63,0.78,0.4,0.45,1.05,0.94,0.1,0.59,0.17,17699,4.388758182525635
0.64,0.78,0.4,0.44,1.05,0.93,0.1,0.59,0.17,17346,4.394111156463623
0.63,0.77,0.4,0.45,1.05,0.94,0.1,0.58,0.17,17399,4.397382497787476
0.63,0.78,0.4,0.45,1.05,0.93,0.1,0.59,0.17,17660,4.398111581802368
0.64,0.78,0.4,0.45,1.05,0.93,0.09,0.58,0.17,17539,4.402112007141113
0.63,0.78,0.4,0.44,1.05,0.93,0.1,0.59,0.17,17332,4.405668258666992
0.63,0.78,0.4,0.45,1.05,0.93,0.1,0.59,0.17,17375,4.409486532211304
0.64,0.78,0.4,0.46,1.05,0.93,0.1,0.59,0.17,17362,4.410028696060181
0.63,0.77,0.4,0.45,1.05,0.93,0.1,0.59,0.17,17365,4.414533376693726
0.63,0.77,0.41,0.45,1.06,0.94,0.09,0.58,0.17,17492,4.41799521446228
0.64,0.77,0.41,0.45,1.06,0.93,0.1,0.58,0.17,17237,4.422304153442383
0.63,0.78,0.41,0.45,1.06,0.93,0.1,0.58,0.17,17128,4.422304153442383
0.64,0.78,0.41,0.46,1.06,0.94,0.1,0.58,0.17,16895,4.4257423877716064
0.63,0.77,0.41,0.45,1.06,0.94,0.09,0.58,0.17,17072,4.4308836460113525
0.63,0.78,0.41,0.45,1.06,0.93,0.1,0.58,0.17,17357,4.4342358112335205
0.63,0.78,0.41,0.45,1.06,0.93,0.1,0.58,0.17,17606,4.434950351715088
0.63,0.78,0.4,0.45,1.06,0.93,0.1,0.58,0.17,17519,4.438727855682373
0.63,0.78,0.4,0.45,1.06,0.94,0.1,0.58,0.17,17448,4.443540096282959
0.63,0.77,0.4,0.45,1.06,0.94,0.1,0.59,0.17,17063,4.446804046630859
0.63,0.78,0.4,0.45,1.06,0.94,0.1,0.59,0.17,17236,4.447804927825928
0.63,0.78,0.4,0.45,1.06,0.93,0.1,0.59,0.17,17403,4.451282262802124
0.63,0.77,0.4,0.45,1.06,0.93,0.1,0.59,0.17,17242,4.454991579055786
0.63,0.78,0.4,0.45,1.06,0.93,0.09,0.59,0.17,16683,4.458997488021851
0.63,0.78,0.4,0.45,1.06,0.93,0.09,0.59,0.17,16694,4.462338209152222
0.63,0.77,0.4,0.45,1.05,0.93,0.1,0.58,0.17,16955,4.4629998207092285
0.63,0.78,0.41,0.45,1.05,0.93,0.1,0.59,0.17,17158,4.467390775680542
0.63,0.77,0.41,0.45,1.05,0.93,0.1,0.58,0.17,17409,4.472381830215454
0.63,0.77,0.41,0.45,1.05,0.93,0.09,0.58,0.17,17296,4.474786758422852
0.63,0.77,0.4,0.45,1.05,0.93,0.09,0.58,0.17,17443,4.4758429527282715
0.64,0.77,0.4,0.46,1.05,0.93,0.1,0.58,0.17,17180,4.478936433792114
0.64,0.78,0.41,0.45,1.05,0.93,0.1,0.59,0.17,16905,4.483988046646118
0.64,0.77,0.4,0.45,1.05,0.93,0.1,0.59,0.17,17004,4.487470388412476
0.63,0.78,0.41,0.44,1.05,0.93,0.1,0.59,0.17,17061,4.4881978034973145
0.63,0.78,0.4,0.45,1.05,0.93,0.1,0.58,0.17,17510,4.492197513580322
0.63,0.77,0.4,0.45,1.05,0.93,0.1,0.58,0.17,17691,4.496197700500488
0.64,0.77,0.4,0.45,1.05,0.93,0.1,0.59,0.16,17278,4.50018048286438
0.63,0.77,0.4,0.45,1.05,0.93,0.1,0.58,0.17,17467,4.50018048286438
0.63,0.78,0.4,0.45,1.05,0.93,0.1,0.59,0.17,17526,4.5047924518585205
0.64,0.77,0.4,0.45,1.06,0.93,0.1,0.58,0.17,17611,4.508790969848633
0.64,0.77,0.4,0.45,1.06,0.94,0.1,0.58,0.17,17198,4.5117998123168945
0.64,0.77,0.4,0.45,1.05,0.93,0.1,0.58,0.17,17027,4.512791395187378
0.64,0.77,0.4,0.45,1.06,0.94,0.1,0.59,0.17,17492,4.516491889953613
0.64,0.77,0.4,0.45,1.06,0.94,0.1,0.58,0.17,17569,4.520343780517578
0.64,0.77,0.4,0.45,1.06,0.94,0.1,0.58,0.18,17484,4.524736642837524
0.64,0.77,0.4,0.45,1.05,0.94,0.1,0.58,0.17,17575,4.527738571166992
0.64,0.77,0.4,0.45,1.05,0.93,0.1,0.59,0.17,17452,4.528746843338013
0.64,0.77,0.41,0.45,1.05,0.94,0.1,0.58,0.17,17227,4.532942056655884
0.64,0.77,0.4,0.45,1.05,0.93,0.1,0.58,0.17,17158,4.536514759063721
0.64,0.77,0.41,0.45,1.05,0.93,0.1,0.58,0.17,17091,4.541274785995483
0.64,0.77,0.4,0.45,1.05,0.93,0.1,0.58,0.17,17314,4.541274785995483
0.64,0.77,0.4,0.44,1.05,0.93,0.09,0.59,0.18,17563,4.545308351516724
0.64,0.77,0.41,0.45,1.06,0.93,0.1,0.58,0.17,17360,4.548846244812012
0.63,0.77,0.4,0.45,1.06,0.93,0.1,0.58,0.17,17367,4.552917003631592
0.63,0.77,0.4,0.44,1.06,0.94,0.09,0.59,0.17,17350,4.552917003631592
0.64,0.77,0.4,0.45,1.06,0.93,0.1,0.58,0.17,17547,4.557207107543945
0.64,0.77,0.41,0.44,1.06,0.93,0.1,0.59,0.17,17156,4.561066389083862
0.64,0.77,0.41,0.45,1.06,0.94,0.1,0.59,0.17,17567,4.565868854522705
0.64,0.77,0.4,0.45,1.06,0.93,0.1,0.58,0.17,17514,4.565868854522705
0.64,0.77,0.41,0.44,1.06,0.94,0.1,0.59,0.17,17225,4.56988787651062
0.64,0.77,0.4,0.44,1.06,0.94,0.1,0.58,0.17,17412,4.574355602264404
0.64,0.77,0.4,0.45,1.06,0.93,0.1,0.58,0.17,17119,4.5775980949401855
0.64,0.77,0.4,0.45,1.06,0.94,0.1,0.59,0.17,17246,4.578478574752808
0.64,0.77,0.4,0.45,1.06,0.94,0.1,0.58,0.17,16989,4.582478046417236
0.64,0.77,0.4,0.45,1.06,0.93,0.1,0.58,0.17,16976,4.586477994918823
0.64,0.77,0.4,0.45,1.06,0.93,0.1,0.59,0.17,17461,4.590456962585449
0.64,0.78,0.4,0.45,1.06,0.93,0.09,0.58,0.17,17644,4.590456962585449
0.64,0.77,0.4,0.45,1.06,0.93,0.1,0.59,0.17,17761,4.593951225280762
0.63,0.77,0.41,0.45,1.06,0.93,0.1,0.58,0.17,17580,4.598280191421509
0.64,0.77,0.4,0.45,1.06,0.93,0.1,0.58,0.17,17281,4.6026153564453125
0.64,0.77,0.4,0.45,1.06,0.93,0.1,0.58,0.17,17054,4.60660195350647
0.64,0.78,0.4,0.45,1.06,0.93,0.1,0.58,0.17,16881,4.607648611068726
0.64,0.78,0.41,0.44,1.06,0.94,0.1,0.58,0.17,17182,4.611425161361694
0.64,0.78,0.4,0.45,1.06,0.94,0.1,0.58,0.17,17459,4.614849805831909
0.64,0.78,0.41,0.44,1.06,0.93,0.09,0.58,0.17,17364,4.6182541847229
0.63,0.77,0.4,0.45,1.06,0.93,0.1,0.58,0.17,17343,4.619304656982422
0.63,0.77,0.4,0.45,1.05,0.93,0.1,0.58,0.17,16884,4.6234424114227295
0.64,0.78,0.41,0.45,1.06,0.93,0.1,0.58,0.17,16799,4.627512216567993
0.64,0.78,0.4,0.44,1.06,0.93,0.1,0.58,0.16,17192,4.630882263183594
0.64,0.77,0.41,0.45,1.06,0.93,0.09,0.59,0.17,17167,4.631949186325073
0.64,0.77,0.4,0.45,1.06,0.93,0.1,0.58,0.17,17038,4.634987115859985
0.64,0.77,0.4,0.45,1.06,0.93,0.1,0.58,0.17,17285,4.639172315597534
0.64,0.77,0.4,0.45,1.06,0.93,0.1,0.58,0.17,17308,4.643198728561401
0.64,0.77,0.4,0.45,1.06,0.93,0.1,0.58,0.17,17301,4.643198728561401
0.64,0.77,0.41,0.45,1.06,0.93,0.1,0.58,0.17,17700,4.646898508071899
0.64,0.77,0.4,0.45,1.06,0.93,0.1,0.58,0.17,17827,4.652602434158325
0.64,0.77,0.4,0.45,1.06,0.93,0.1,0.58,0.17,17246,4.655656337738037
0.64,0.77,0.4,0.45,1.06,0.93,0.1,0.58,0.17,17199,4.656719923019409
0.64,0.77,0.4,0.45,1.06,0.93,0.1,0.58,0.17,17230,4.659738302230835
0.64,0.77,0.4,0.45,1.06,0.93,0.1,0.58,0.17,17317,4.66471266746521
0.63,0.77,0.4,0.45,1.06,0.93,0.1,0.58,0.17,17940,4.668315649032593
0.64,0.77,0.4,0.46,1.06,0.93,0.1,0.58,0.17,17799,4.671609163284302
0.64,0.78,0.4,0.45,1.06,0.93,0.1,0.58,0.17,17458,4.672671794891357
0.64,0.78,0.41,0.45,1.06,0.93,0.1,0.58,0.16,17575,4.676661729812622
0.64,0.77,0.4,0.44,1.06,0.93,0.1,0.58,0.17,17394,4.680446147918701
0.64,0.78,0.41,0.46,1.05,0.93,0.1,0.58,0.17,17099,4.6837804317474365
0.64,0.78,0.41,0.46,1.06,0.93,0.1,0.58,0.17,16844,4.684834241867065
0.64,0.78,0.4,0.46,1.06,0.93,0.1,0.58,0.17,17537,4.688339471817017
0.64,0.78,0.4,0.46,1.06,0.93,0.1,0.58,0.17,17952,4.693495750427246
0.64,0.78,0.41,0.45,1.06,0.93,0.09,0.58,0.17,17533,4.696619510650635
0.64,0.77,0.4,0.46,1.06,0.93,0.1,0.58,0.17,17662,4.697600841522217
0.63,0.78,0.41,0.45,1.06,0.93,0.1,0.58,0.17,17451,4.700600624084473
0.64,0.78,0.41,0.46,1.05,0.93,0.1,0.58,0.17,17044,4.70479941368103
0.63,0.78,0.4,0.46,1.06,0.93,0.1,0.58,0.17,17021,4.707979679107666
0.63,0.77,0.4,0.46,1.06,0.93,0.1,0.58,0.17,17316,4.709092378616333
0.64,0.77,0.41,0.45,1.06,0.93,0.1,0.59,0.17,17177,4.7133636474609375
0.64,0.77,0.41,0.46,1.06,0.93,0.09,0.58,0.17,17236,4.717363595962524
0.64,0.78,0.41,0.46,1.06,0.93,0.1,0.58,0.17,16951,4.720741271972656
0.64,0.77,0.41,0.45,1.06,0.93,0.09,0.58,0.17,16838,4.721799373626709
0.64,0.78,0.41,0.46,1.06,0.93,0.1,0.59,0.17,17227,4.72581672668457
0.64,0.77,0.4,0.45,1.06,0.94,0.1,0.59,0.17,17456,4.729206800460815
0.64,0.78,0.41,0.45,1.06,0.93,0.09,0.59,0.17,17501,4.733248949050903
0.64,0.78,0.41,0.46,1.06,0.93,0.1,0.59,0.17,17334,4.736245632171631
0.63,0.77,0.4,0.45,1.06,0.93,0.1,0.58,0.17,17791,4.737247943878174
0.63,0.77,0.41,0.46,1.05,0.93,0.1,0.58,0.17,17472,4.741159439086914
0.64,0.78,0.41,0.45,1.06,0.93,0.1,0.58,0.17,17309,4.7453413009643555
0.64,0.77,0.41,0.45,1.06,0.93,0.09,0.58,0.17,17128,4.7493736743927
0.64,0.78,0.41,0.45,1.05,0.93,0.1,0.59,0.17,17319,4.750382900238037
0.64,0.78,0.41,0.45,1.05,0.93,0.09,0.58,0.17,16812,4.7533745765686035
0.64,0.77,0.4,0.45,1.05,0.93,0.1,0.58,0.17,16773,4.7584240436553955
0.65,0.77,0.41,0.45,1.05,0.93,0.1,0.58,0.17,16714,4.76163911819458
0.64,0.77,0.41,0.45,1.05,0.93,0.1,0.58,0.17,17061,4.76163911819458
0.64,0.77,0.41,0.45,1.05,0.93,0.1,0.59,0.17,17280,4.765794277191162
0.64,0.78,0.41,0.45,1.06,0.93,0.1,0.58,0.17,17109,4.770145654678345
0.64,0.77,0.4,0.46,1.06,0.93,0.1,0.58,0.17,17070,4.774384260177612
0.64,0.78,0.4,0.46,1.06,0.93,0.1,0.58,0.17,17057,4.774467945098877
0.64,0.77,0.41,0.45,1.06,0.93,0.1,0.58,0.17,17400,4.7784743309021
0.64,0.77,0.4,0.45,1.06,0.93,0.1,0.59,0.17,17319,4.782506465911865
0.64,0.77,0.41,0.45,1.05,0.93,0.1,0.59,0.17,17094,4.786264181137085
0.64,0.77,0.41,0.45,1.05,0.93,0.1,0.58,0.17,17725,4.786264181137085
0.64,0.77,0.4,0.46,1.05,0.93,0.1,0.58,0.17,17514,4.790295362472534
0.64,0.77,0.4,0.46,1.05,0.93,0.1,0.59,0.17,17381,4.794976711273193
0.64,0.77,0.4,0.45,1.06,0.93,0.1,0.58,0.17,17502,4.79898476600647
0.64,0.78,0.41,0.46,1.05,0.93,0.1,0.59,0.17,17079,4.79898476600647
0.64,0.77,0.41,0.45,1.05,0.93,0.1,0.58,0.17,17324,4.802392959594727
0.64,0.77,0.4,0.46,1.05,0.93,0.1,0.58,0.17,17669,4.807109832763672
0.64,0.77,0.41,0.45,1.05,0.93,0.1,0.59,0.17,16956,4.810666561126709
0.64,0.78,0.41,0.45,1.05,0.93,0.1,0.59,0.17,17475,4.8147292137146
0.64,0.77,0.4,0.46,1.06,0.93,0.1,0.59,0.17,17452,4.815731763839722
0.64,0.77,0.41,0.46,1.05,0.93,0.1,0.59,0.17,17225,4.819722652435303
0.64,0.77,0.41,0.45,1.06,0.93,0.1,0.58,0.17,17344,4.823720455169678
0.65,0.77,0.4,0.46,1.06,0.93,0.1,0.59,0.17,17237,4.827012300491333
0.64,0.77,0.41,0.46,1.05,0.93,0.1,0.59,0.17,16950,4.827720642089844
0.64,0.77,0.41,0.46,1.06,0.93,0.1,0.59,0.17,17287,4.8318939208984375
0.64,0.77,0.41,0.45,1.05,0.94,0.1,0.58,0.18,18056,4.836191415786743
0.64,0.77,0.41,0.46,1.06,0.93,0.09,0.59,0.17,17663,4.839486837387085
0.64,0.77,0.41,0.46,1.05,0.93,0.1,0.58,0.17,17496,4.840533971786499
0.64,0.77,0.41,0.46,1.06,0.93,0.1,0.59,0.17,17511,4.843811511993408
0.64,0.77,0.41,0.46,1.05,0.94,0.1,0.59,0.17,17426,4.848034620285034
0.64,0.77,0.41,0.45,1.06,0.93,0.1,0.59,0.17,17549,4.8515944480896
0.64,0.77,0.41,0.45,1.05,0.93,0.1,0.58,0.17,17390,4.852673530578613
0.63,0.77,0.41,0.45,1.06,0.94,0.1,0.59,0.17,16763,4.856518983840942
0.64,0.77,0.4,0.46,1.06,0.93,0.1,0.59,0.17,17016,4.860548973083496
0.64,0.77,0.41,0.46,1.06,0.93,0.1,0.59,0.17,16929,4.864421367645264
0.64,0.77,0.4,0.46,1.05,0.93,0.1,0.59,0.17,16758,4.865477561950684
0.64,0.77,0.41,0.46,1.06,0.93,0.1,0.58,0.17,17149,4.869329929351807
0.64,0.77,0.41,0.46,1.06,0.93,0.1,0.59,0.17,17152,4.872257709503174
0.64,0.77,0.41,0.46,1.06,0.93,0.1,0.59,0.17,17327,4.876858234405518
0.64,0.77,0.41,0.46,1.05,0.93,0.1,0.58,0.17,17322,4.877779245376587
0.64,0.77,0.41,0.46,1.05,0.94,0.1,0.59,0.17,17585,4.880817651748657
0.64,0.77,0.41,0.45,1.06,0.93,0.1,0.59,0.17,17400,4.885309457778931
0.64,0.77,0.41,0.45,1.05,0.93,0.1,0.58,0.17,17375,4.888845443725586
0.64,0.77,0.41,0.46,1.06,0.93,0.1,0.58,0.17,17228,4.889856338500977
0.64,0.77,0.41,0.45,1.06,0.93,0.1,0.59,0.17,17193,4.89303183555603
0.64,0.77,0.41,0.45,1.06,0.94,0.1,0.58,0.17,17476,4.897007703781128
0.64,0.78,0.41,0.45,1.06,0.93,0.09,0.58,0.17,17655,4.902366876602173
0.64,0.77,0.41,0.45,1.06,0.94,0.1,0.58,0.17,18084,4.904898643493652
0.64,0.77,0.4,0.45,1.06,0.94,0.09,0.59,0.17,17605,4.905911207199097
0.64,0.77,0.41,0.45,1.06,0.94,0.1,0.58,0.17,16858,4.909911870956421
0.64,0.77,0.41,0.46,1.06,0.94,0.1,0.59,0.17,17067,4.913912296295166
0.64,0.77,0.41,0.45,1.06,0.94,0.1,0.58,0.17,17182,4.917381048202515
0.64,0.77,0.41,0.46,1.06,0.93,0.1,0.59,0.17,17055,4.918113946914673
0.64,0.77,0.41,0.45,1.06,0.94,0.1,0.59,0.17,17138,4.922114133834839
0.64,0.77,0.41,0.45,1.06,0.93,0.1,0.59,0.17,17019,4.926546096801758
0.64,0.78,0.4,0.45,1.06,0.93,0.1,0.59,0.17,16818,4.929961204528809
0.64,0.77,0.41,0.45,1.05,0.93,0.1,0.59,0.17,17261,4.931092977523804
0.64,0.77,0.41,0.46,1.06,0.94,0.1,0.59,0.17,17832,4.9345786571502686
0.64,0.77,0.41,0.46,1.06,0.94,0.1,0.59,0.17,17487,4.938876628875732
0.65,0.77,0.41,0.45,1.06,0.94,0.1,0.59,0.17,17188,4.94224739074707
0.65,0.77,0.41,0.46,1.06,0.94,0.09,0.59,0.17,16953,4.943228483200073
0.64,0.77,0.41,0.45,1.06,0.94,0.1,0.58,0.17,17052,4.946303367614746
0.64,0.77,0.41,0.46,1.06,0.94,0.09,0.58,0.17,17359,4.951220273971558
0.64,0.77,0.41,0.45,1.06,0.93,0.1,0.59,0.17,17154,4.953631639480591
0.64,0.77,0.41,0.46,1.06,0.94,0.1,0.58,0.17,17093,4.95535945892334
0.64,0.77,0.41,0.46,1.06,0.93,0.1,0.58,0.17,17580,4.958712577819824
0.64,0.78,0.41,0.45,1.06,0.93,0.1,0.59,0.17,17617,4.96312141418457
0.64,0.77,0.41,0.45,1.06,0.94,0.1,0.58,0.17,17482,4.966962575912476
0.64,0.77,0.41,0.45,1.06,0.93,0.11,0.59,0.17,17669,4.967966079711914
0.64,0.77,0.41,0.46,1.06,0.94,0.1,0.58,0.17,17642,4.970826148986816
0.64,0.77,0.41,0.45,1.06,0.93,0.09,0.59,0.17,17423,4.974852085113525
0.64,0.77,0.41,0.46,1.06,0.93,0.1,0.59,0.17,17156,4.9791340827941895
0.64,0.77,0.41,0.46,1.06,0.93,0.1,0.58,0.17,17053,4.9831132888793945
0.64,0.77,0.41,0.46,1.06,0.93,0.1,0.58,0.17,17214,4.9831132888793945
0.64,0.77,0.41,0.46,1.06,0.94,0.1,0.59,0.17,17427,4.987111806869507
0.64,0.77,0.41,0.46,1.06,0.94,0.1,0.59,0.17,17748,4.991111755371094
0.64,0.77,0.41,0.46,1.06,0.93,0.1,0.59,0.17,17023,4.9951512813568115
0.64,0.77,0.41,0.46,1.06,0.93,0.1,0.58,0.17,16802,4.9951512813568115
0.65,0.77,0.41,0.46,1.06,0.93,0.1,0.59,0.17,16989,4.999146938323975
0.64,0.77,0.4,0.46,1.06,0.93,0.1,0.58,0.17,17038,5.003499746322632
0.64,0.77,0.41,0.46,1.06,0.93,0.09,0.58,0.17,17583,5.007542371749878
0.64,0.77,0.41,0.46,1.06,0.93,0.1,0.58,0.17,17502,5.008538722991943
0.64,0.77,0.41,0.46,1.06,0.93,0.09,0.58,0.17,17063,5.011782884597778
0.64,0.77,0.4,0.46,1.06,0.94,0.1,0.59,0.17,17100,5.015783071517944
0.65,0.77,0.41,0.45,1.06,0.94,0.1,0.58,0.17,17471,5.019774436950684
0.65,0.77,0.41,0.46,1.06,0.94,0.1,0.59,0.17,17574,5.020293951034546
0.65,0.77,0.41,0.47,1.06,0.94,0.1,0.58,0.17,17363,5.024016380310059
0.65,0.77,0.41,0.46,1.06,0.94,0.1,0.58,0.17,17290,5.028141260147095
0.64,0.77,0.41,0.46,1.06,0.94,0.09,0.59,0.17,17001,5.0327770709991455
0.64,0.77,0.41,0.46,1.05,0.94,0.1,0.58,0.17,17562,5.0327770709991455
0.64,0.77,0.41,0.46,1.06,0.94,0.09,0.58,0.17,17657,5.036745071411133
0.65,0.77,0.4,0.47,1.06,0.93,0.1,0.58,0.17,17060,5.040759086608887
0.64,0.77,0.4,0.46,1.06,0.94,0.1,0.59,0.17,17077,5.044759273529053
0.65,0.77,0.41,0.47,1.06,0.94,0.1,0.58,0.17,17110,5.045758962631226
0.65,0.77,0.41,0.46,1.05,0.94,0.09,0.58,0.17,17413,5.048767328262329
0.65,0.77,0.4,0.46,1.05,0.94,0.09,0.58,0.17,17184,5.0529890060424805
0.64,0.77,0.41,0.46,1.05,0.94,0.1,0.58,0.17,16891,5.057869911193848
0.64,0.78,0.41,0.46,1.05,0.94,0.1,0.58,0.17,17234,5.060830116271973
0.65,0.77,0.41,0.46,1.05,0.94,0.1,0.58,0.17,17251,5.060830116271973
0.65,0.77,0.41,0.46,1.05,0.94,0.1,0.58,0.17,17394,5.065850019454956
0.65,0.78,0.4,0.46,1.06,0.94,0.1,0.58,0.17,17369,5.069013357162476
0.65,0.78,0.41,0.46,1.06,0.94,0.1,0.58,0.17,17280,5.073033332824707
0.64,0.78,0.41,0.46,1.06,0.94,0.1,0.59,0.17,17297,5.074008226394653
0.64,0.78,0.41,0.46,1.06,0.94,0.1,0.59,0.17,17244,5.077630043029785
0.65,0.78,0.41,0.46,1.05,0.94,0.1,0.59,0.16,17139,5.0814595222473145
0.65,0.78,0.4,0.46,1.05,0.94,0.1,0.58,0.17,17196,5.085812330245972
0.64,0.78,0.41,0.46,1.06,0.94,0.1,0.58,0.17,17365,5.086839914321899
0.64,0.77,0.41,0.46,1.06,0.94,0.1,0.58,0.17,17508,5.089839935302734
0.64,0.77,0.41,0.46,1.06,0.93,0.1,0.58,0.17,17529,5.094188451766968
0.64,0.77,0.41,0.46,1.06,0.94,0.1,0.58,0.17,17562,5.098555564880371
0.64,0.78,0.41,0.47,1.06,0.94,0.1,0.59,0.17,17385,5.098555564880371
0.65,0.77,0.41,0.46,1.06,0.94,0.1,0.58,0.17,17418,5.102889060974121
0.65,0.77,0.41,0.46,1.06,0.94,0.1,0.58,0.17,17375,5.106876611709595
0.64,0.77,0.41,0.46,1.07,0.94,0.09,0.59,0.17,17512,5.110177040100098
0.64,0.77,0.41,0.46,1.06,0.94,0.1,0.58,0.17,17633,5.1112284660339355
0.64,0.78,0.41,0.46,1.06,0.94,0.1,0.58,0.17,17042,5.114621877670288
0.64,0.78,0.4,0.46,1.06,0.94,0.1,0.58,0.17,17023,5.118712663650513
0.64,0.77,0.41,0.46,1.06,0.94,0.09,0.58,0.17,17302,5.123271226882935
0.65,0.77,0.41,0.46,1.06,0.94,0.1,0.58,0.17,17001,5.126611948013306
0.64,0.77,0.41,0.46,1.06,0.94,0.1,0.58,0.17,16880,5.12670111656189
0.64,0.78,0.4,0.46,1.06,0.93,0.1,0.58,0.17,16885,5.130724668502808
0.64,0.77,0.4,0.47,1.06,0.93,0.1,0.58,0.17,17520,5.135518789291382
0.64,0.77,0.4,0.46,1.06,0.93,0.1,0.58,0.17,17555,5.1387505531311035
0.64,0.77,0.4,0.46,1.06,0.94,0.09,0.58,0.17,16994,5.139511346817017
0.64,0.78,0.41,0.46,1.07,0.93,0.1,0.58,0.17,16991,5.142536878585815
0.65,0.77,0.4,0.46,1.06,0.94,0.1,0.58,0.17,17322,5.147588729858398
0.65,0.78,0.4,0.46,1.06,0.94,0.1,0.58,0.17,17107,5.151090621948242
0.65,0.78,0.4,0.47,1.06,0.94,0.1,0.58,0.17,17116,5.152146100997925
0.64,0.78,0.41,0.47,1.06,0.94,0.1,0.58,0.17,17893,5.155135869979858
0.64,0.78,0.41,0.46,1.06,0.94,0.1,0.58,0.17,17812,5.159322500228882
0.64,0.78,0.4,0.47,1.06,0.94,0.1,0.58,0.17,17511,5.163317680358887
0.65,0.78,0.41,0.47,1.06,0.94,0.1,0.58,0.17,17258,5.164316415786743
0.64,0.77,0.4,0.47,1.06,0.94,0.1,0.58,0.17,17225,5.1671271324157715
0.65,0.77,0.41,0.47,1.07,0.94,0.1,0.58,0.17,17598,5.171337366104126
0.65,0.78,0.41,0.46,1.06,0.93,0.1,0.58,0.18,17735,5.176396131515503
0.65,0.78,0.4,0.46,1.06,0.93,0.1,0.58,0.17,17640,5.176396131515503
0.64,0.78,0.41,0.45,1.06,0.93,0.1,0.59,0.17,17559,5.180071592330933
0.65,0.77,0.41,0.47,1.06,0.93,0.1,0.58,0.17,17178,5.184072494506836
0.65,0.78,0.41,0.47,1.06,0.94,0.1,0.58,0.17,17111,5.18806266784668
0.64,0.78,0.41,0.47,1.06,0.93,0.1,0.58,0.17,17202,5.189059734344482
0.63,0.77,0.41,0.46,1.06,0.94,0.09,0.59,0.17,17309,5.192502737045288
0.64,0.78,0.41,0.47,1.06,0.93,0.09,0.59,0.17,17816,5.196643352508545
0.64,0.78,0.41,0.46,1.06,0.94,0.1,0.59,0.17,17803,5.200502634048462
0.64,0.77,0.41,0.46,1.07,0.94,0.1,0.59,0.17,17342,5.203485488891602
0.65,0.78,0.41,0.46,1.06,0.93,0.09,0.59,0.17,17403,5.204821586608887
0.65,0.78,0.41,0.46,1.06,0.94,0.1,0.58,0.17,17444,5.209832429885864
0.65,0.78,0.41,0.46,1.07,0.93,0.1,0.59,0.17,17363,5.213691234588623
0.66,0.77,0.41,0.46,1.06,0.93,0.1,0.58,0.17,17092,5.216055154800415
0.65,0.78,0.41,0.46,1.06,0.93,0.1,0.58,0.17,17113,5.217104196548462
0.65,0.78,0.41,0.46,1.06,0.93,0.1,0.58,0.17,17188,5.221123933792114
0.65,0.78,0.41,0.46,1.06,0.93,0.1,0.58,0.17,17239,5.225124835968018
0.64,0.77,0.41,0.46,1.06,0.93,0.1,0.58,0.17,17352,5.229558944702148
0.65,0.78,0.41,0.46,1.06,0.94,0.1,0.58,0.17,17715,5.229558944702148
0.65,0.78,0.41,0.47,1.06,0.94,0.1,0.59,0.17,17586,5.233198642730713
0.65,0.78,0.41,0.46,1.06,0.94,0.1,0.59,0.17,17013,5.237245082855225
0.65,0.78,0.41,0.46,1.06,0.93,0.1,0.59,0.17,16794,5.242310523986816
0.64,0.78,0.41,0.46,1.06,0.93,0.1,0.58,0.17,16869,5.242310523986816
0.65,0.78,0.41,0.47,1.06,0.93,0.1,0.59,0.17,17106,5.245589733123779
0.64,0.78,0.41,0.46,1.06,0.93,0.1,0.59,0.17,16953,5.249589681625366
0.64,0.77,0.41,0.46,1.06,0.93,0.1,0.58,0.17,16984,5.253953695297241
0.65,0.77,0.41,0.46,1.06,0.93,0.1,0.59,0.17,16757,5.253953695297241
0.65,0.77,0.41,0.46,1.06,0.93,0.1,0.59,0.18,16748,5.257901906967163
0.64,0.77,0.41,0.46,1.06,0.93,0.1,0.59,0.17,16885,5.26263689994812
0.64,0.78,0.41,0.46,1.06,0.94,0.1,0.58,0.17,17170,5.2666332721710205
0.64,0.78,0.41,0.46,1.06,0.93,0.1,0.58,0.17,17247,5.268786668777466
0.64,0.78,0.41,0.46,1.06,0.94,0.09,0.59,0.17,17216,5.26994514465332
0.65,0.78,0.4,0.47,1.06,0.93,0.1,0.59,0.17,16995,5.274293899536133
0.64,0.77,0.41,0.46,1.06,0.94,0.1,0.59,0.17,16932,5.278289318084717
0.65,0.78,0.4,0.46,1.06,0.93,0.1,0.58,0.17,17341,5.282273292541504
0.65,0.78,0.41,0.46,1.06,0.94,0.1,0.58,0.17,17146,5.282273292541504
0.65,0.78,0.41,0.46,1.06,0.94,0.1,0.59,0.18,16825,5.286294221878052
0.65,0.78,0.41,0.46,1.06,0.94,0.1,0.59,0.17,17166,5.290170669555664
0.64,0.78,0.41,0.46,1.06,0.94,0.1,0.59,0.17,17603,5.294443368911743
0.65,0.78,0.4,0.46,1.06,0.94,0.09,0.58,0.17,17618,5.295517683029175
0.65,0.78,0.41,0.47,1.06,0.94,0.1,0.59,0.17,17195,5.2982964515686035
0.65,0.78,0.41,0.47,1.06,0.94,0.1,0.58,0.17,17454,5.302114486694336
0.65,0.78,0.41,0.47,1.06,0.94,0.1,0.59,0.17,17377,5.30671501159668
0.65,0.78,0.41,0.46,1.06,0.93,0.1,0.58,0.17,16926,5.307573080062866
0.64,0.78,0.4,0.47,1.07,0.94,0.1,0.59,0.17,16987,5.310572624206543
0.65,0.78,0.4,0.46,1.06,0.94,0.1,0.58,0.17,17034,5.314573049545288
0.65,0.78,0.41,0.47,1.06,0.94,0.09,0.59,0.17,17115,5.319545745849609
0.64,0.78,0.41,0.47,1.06,0.94,0.1,0.58,0.17,17070,5.319545745849609
0.65,0.78,0.41,0.47,1.07,0.94,0.1,0.59,0.17,17197,5.323041915893555
0.65,0.78,0.4,0.46,1.07,0.94,0.1,0.58,0.17,17148,5.327164888381958
0.65,0.78,0.41,0.47,1.06,0.93,0.09,0.58,0.17,16723,5.332480192184448
0.64,0.78,0.4,0.47,1.07,0.93,0.1,0.58,0.17,17250,5.332480192184448
0.64,0.78,0.4,0.47,1.07,0.93,0.1,0.59,0.17,17515,5.335904598236084
0.65,0.78,0.41,0.46,1.06,0.94,0.1,0.59,0.17,17530,5.339195013046265
0.65,0.78,0.41,0.46,1.06,0.94,0.1,0.58,0.17,17547,5.343719005584717
0.65,0.78,0.4,0.47,1.06,0.94,0.1,0.58,0.17,17460,5.347723722457886
0.65,0.78,0.41,0.47,1.06,0.94,0.1,0.58,0.17,17353,5.347723722457886
0.65,0.78,0.41,0.47,1.06,0.94,0.1,0.59,0.17,17210,5.351722240447998
0.64,0.78,0.41,0.46,1.06,0.94,0.1,0.59,0.17,17391,5.356061935424805
0.64,0.78,0.41,0.47,1.06,0.94,0.1,0.58,0.17,17394,5.35994553565979
0.64,0.78,0.41,0.46,1.06,0.94,0.1,0.59,0.17,16925,5.35994553565979
0.64,0.78,0.4,0.46,1.06,0.94,0.1,0.59,0.17,17096,5.364206790924072
0.64,0.78,0.41,0.47,1.06,0.93,0.1,0.58,0.17,17415,5.3677332401275635
0.64,0.78,0.4,0.47,1.06,0.93,0.1,0.58,0.17,17522,5.371788501739502
0.64,0.78,0.41,0.46,1.06,0.94,0.1,0.58,0.17,17221,5.372818231582642
0.65,0.78,0.4,0.46,1.06,0.94,0.1,0.58,0.17,17320,5.376172780990601
0.64,0.78,0.4,0.47,1.06,0.94,0.1,0.58,0.17,17769,5.381141185760498
0.65,0.78,0.4,0.47,1.07,0.93,0.1,0.58,0.17,17458,5.384356260299683
0.64,0.78,0.4,0.47,1.06,0.93,0.1,0.59,0.17,17329,5.385559797286987
0.64,0.78,0.4,0.46,1.06,0.93,0.1,0.58,0.17,17646,5.388589382171631
0.65,0.78,0.4,0.47,1.06,0.94,0.1,0.58,0.17,17855,5.392927408218384
0.65,0.78,0.4,0.47,1.06,0.94,0.11,0.58,0.17,17474,5.397045135498047
0.64,0.78,0.4,0.47,1.06,0.94,0.1,0.58,0.17,16817,5.398087739944458
0.64,0.78,0.4,0.47,1.06,0.94,0.1,0.58,0.17,16684,5.401095390319824
0.64,0.78,0.4,0.47,1.06,0.94,0.1,0.58,0.17,17741,5.405206203460693
0.64,0.77,0.41,0.47,1.06,0.94,0.1,0.58,0.17,17812,5.409216403961182
0.64,0.78,0.41,0.47,1.06,0.94,0.1,0.58,0.17,17341,5.413597106933594
0.64,0.78,0.41,0.47,1.07,0.94,0.1,0.58,0.18,17558,5.413597106933594
0.64,0.78,0.41,0.47,1.06,0.94,0.1,0.58,0.17,17623,5.417241334915161
0.64,0.78,0.4,0.47,1.07,0.94,0.1,0.58,0.17,17394,5.422588586807251
0.64,0.78,0.4,0.47,1.06,0.94,0.1,0.58,0.17,17711,5.425581455230713
0.64,0.78,0.41,0.47,1.06,0.94,0.1,0.58,0.17,17914,5.426587820053101
0.64,0.78,0.41,0.47,1.06,0.93,0.1,0.58,0.17,17449,5.429989337921143
0.64,0.78,0.41,0.47,1.07,0.94,0.1,0.58,0.18,17448,5.43406343460083
0.64,0.78,0.41,0.47,1.06,0.94,0.1,0.58,0.17,17243,5.437861680984497
0.64,0.78,0.41,0.47,1.06,0.94,0.1,0.58,0.17,17188,5.438906669616699
0.64,0.78,0.41,0.47,1.06,0.94,0.1,0.59,0.17,17329,5.441903829574585
0.64,0.78,0.41,0.47,1.06,0.94,0.1,0.59,0.17,17518,5.446261405944824
0.64,0.78,0.41,0.47,1.07,0.94,0.1,0.59,0.17,17461,5.449566125869751
0.64,0.77,0.4,0.47,1.07,0.94,0.1,0.58,0.17,17444,5.450656414031982
0.64,0.77,0.41,0.47,1.07,0.93,0.1,0.58,0.17,17313,5.454656600952148
0.64,0.78,0.41,0.47,1.06,0.93,0.1,0.58,0.17,17136,5.45867133140564
0.63,0.78,0.41,0.47,1.06,0.93,0.1,0.58,0.17,16947,5.462658166885376
0.64,0.77,0.41,0.47,1.06,0.93,0.1,0.58,0.17,17092,5.462658166885376
0.64,0.77,0.4,0.47,1.07,0.93,0.1,0.58,0.17,17339,5.466657638549805
0.64,0.77,0.4,0.47,1.06,0.94,0.1,0.59,0.17,17382,5.470886468887329
0.64,0.78,0.41,0.47,1.07,0.93,0.1,0.59,0.17,16821,5.474886417388916
0.64,0.78,0.41,0.47,1.06,0.94,0.1,0.59,0.17,16890,5.478888750076294
0.64,0.78,0.4,0.47,1.06,0.94,0.1,0.58,0.17,17123,5.478888750076294
0.64,0.78,0.4,0.47,1.06,0.93,0.1,0.58,0.17,17556,5.482900381088257
0.64,0.78,0.4,0.47,1.07,0.93,0.1,0.59,0.17,17643,5.486774682998657
0.64,0.78,0.41,0.47,1.06,0.93,0.1,0.58,0.17,17618,5.49024224281311
0.64,0.78,0.41,0.47,1.06,0.94,0.1,0.59,0.17,17795,5.491360902786255
0.64,0.78,0.41,0.47,1.07,0.94,0.1,0.58,0.17,17568,5.495789289474487
0.64,0.78,0.41,0.47,1.06,0.94,0.1,0.59,0.17,17085,5.499777555465698
0.64,0.78,0.41,0.47,1.06,0.93,0.11,0.59,0.17,17382,5.5028204917907715
0.64,0.78,0.4,0.46,1.07,0.94,0.1,0.58,0.17,17619,5.5028204917907715
0.64,0.77,0.41,0.47,1.07,0.94,0.1,0.58,0.17,17382,5.5078535079956055
0.64,0.77,0.41,0.47,1.06,0.94,0.1,0.58,0.17,17035,5.5113279819488525
0.64,0.78,0.41,0.47,1.06,0.94,0.1,0.58,0.17,17362,5.515268802642822
0.64,0.78,0.41,0.47,1.07,0.94,0.1,0.58,0.17,17067,5.515268802642822
0.64,0.77,0.41,0.47,1.06,0.94,0.1,0.58,0.17,16844,5.519340515136719
0.64,0.77,0.4,0.47,1.07,0.94,0.1,0.58,0.17,16911,5.52375864982605
0.64,0.78,0.41,0.47,1.07,0.93,0.1,0.58,0.17,17130,5.528014898300171
0.64,0.78,0.4,0.47,1.06,0.94,0.1,0.58,0.17,17527,5.529186964035034
0.63,0.77,0.41,0.47,1.07,0.94,0.1,0.58,0.17,17402,5.531923055648804
0.64,0.78,0.41,0.47,1.07,0.94,0.1,0.59,0.17,17529,5.535364627838135
0.64,0.78,0.41,0.47,1.07,0.94,0.1,0.58,0.17,17526,5.540709018707275
0.63,0.78,0.4,0.47,1.07,0.94,0.1,0.58,0.17,17327,5.540709018707275
0.64,0.78,0.41,0.47,1.07,0.94,0.1,0.58,0.17,17384,5.544405221939087
0.64,0.78,0.4,0.47,1.06,0.94,0.1,0.58,0.17,17489,5.548880100250244
0.64,0.78,0.4,0.47,1.06,0.94,0.1,0.58,0.17,17110,5.552865982055664
0.64,0.78,0.41,0.47,1.06,0.93,0.1,0.58,0.17,17177,5.555865049362183
0.64,0.78,0.41,0.47,1.07,0.94,0.1,0.58,0.17,17406,5.556865215301514
0.64,0.78,0.41,0.47,1.06,0.94,0.1,0.58,0.17,17519,5.5612194538116455
0.64,0.78,0.4,0.47,1.06,0.94,0.1,0.58,0.17,17580,5.565221309661865
0.64,0.78,0.41,0.47,1.06,0.94,0.1,0.58,0.17,17659,5.568487167358398
0.64,0.78,0.41,0.47,1.07,0.94,0.1,0.58,0.17,17720,5.569487810134888
0.64,0.78,0.41,0.47,1.07,0.93,0.1,0.58,0.17,17339,5.572485446929932
0.64,0.78,0.41,0.47,1.07,0.93,0.09,0.58,0.17,16992,5.577639579772949
0.64,0.78,0.41,0.46,1.07,0.94,0.1,0.58,0.18,16779,5.580629348754883
0.64,0.78,0.41,0.47,1.07,0.94,0.1,0.58,0.16,17170,5.581669330596924
0.64,0.78,0.41,0.47,1.06,0.94,0.1,0.58,0.17,17379,5.585669994354248
0.64,0.78,0.41,0.47,1.07,0.94,0.1,0.58,0.17,17288,5.589659214019775
0.64,0.78,0.41,0.47,1.06,0.94,0.1,0.58,0.17,17509,5.5936596393585205
0.64,0.78,0.41,0.47,1.06,0.94,0.1,0.58,0.17,17374,5.5936596393585205
0.64,0.78,0.41,0.47,1.06,0.93,0.1,0.58,0.17,17581,5.597659587860107
0.64,0.78,0.41,0.47,1.06,0.94,0.1,0.58,0.17,17362,5.601930141448975
0.64,0.78,0.41,0.47,1.06,0.94,0.1,0.58,0.17,16895,5.605494260787964
0.64,0.78,0.41,0.47,1.06,0.94,0.1,0.58,0.17,16714,5.606539011001587
0.64,0.78,0.41,0.47,1.06,0.94,0.1,0.58,0.17,17339,5.609857797622681
0.64,0.78,0.41,0.47,1.06,0.94,0.1,0.58,0.17,17378,5.61385440826416
0.64,0.78,0.41,0.47,1.06,0.94,0.1,0.58,0.17,17415,5.618139743804932
0.64,0.77,0.41,0.47,1.06,0.93,0.1,0.58,0.17,17348,5.621762752532959
0.64,0.78,0.41,0.47,1.07,0.94,0.1,0.58,0.17,17731,5.621762752532959
0.64,0.78,0.41,0.47,1.06,0.94,0.1,0.58,0.17,17584,5.626235008239746
0.64,0.78,0.42,0.47,1.07,0.93,0.1,0.58,0.17,17339,5.630234956741333
0.64,0.78,0.41,0.47,1.06,0.94,0.1,0.58,0.17,17194,5.634235382080078
0.64,0.78,0.41,0.47,1.06,0.93,0.1,0.58,0.17,16815,5.634235382080078
0.64,0.78,0.41,0.48,1.07,0.94,0.1,0.59,0.17,16778,5.639214992523193
0.64,0.78,0.41,0.47,1.06,0.93,0.1,0.58,0.18,16955,5.643327713012695
0.64,0.78,0.41,0.47,1.06,0.94,0.1,0.58,0.17,16866,5.646682500839233
0.64,0.78,0.41,0.47,1.07,0.93,0.1,0.58,0.17,16993,5.64773964881897
0.64,0.78,0.41,0.47,1.07,0.94,0.1,0.58,0.17,16720,5.6518471240997314
0.64,0.78,0.41,0.47,1.07,0.94,0.1,0.58,0.16,17269,5.654939413070679
0.64,0.78,0.41,0.47,1.06,0.94,0.1,0.58,0.17,17168,5.65935492515564
0.64,0.78,0.41,0.47,1.07,0.94,0.1,0.58,0.17,17041,5.659553289413452
0.64,0.78,0.41,0.47,1.07,0.93,0.1,0.58,0.17,17438,5.663641452789307
0.64,0.78,0.4,0.47,1.07,0.94,0.1,0.58,0.17,17133,5.6676411628723145
0.64,0.78,0.41,0.47,1.07,0.94,0.1,0.58,0.17,17076,5.671308279037476
0.64,0.78,0.41,0.47,1.07,0.93,0.1,0.59,0.17,17201,5.672129392623901
0.64,0.78,0.41,0.47,1.07,0.94,0.1,0.58,0.17,17242,5.675382852554321
0.64,0.78,0.41,0.47,1.07,0.94,0.09,0.59,0.17,17457,5.680434942245483
0.64,0.78,0.41,0.47,1.07,0.93,0.1,0.58,0.17,17052,5.682994365692139
0.64,0.78,0.41,0.47,1.07,0.94,0.1,0.58,0.17,17043,5.684062719345093
0.64,0.78,0.41,0.47,1.06,0.94,0.1,0.58,0.17,17438,5.688062906265259
0.64,0.78,0.41,0.47,1.07,0.94,0.1,0.58,0.17,17579,5.692536115646362
0.64,0.78,0.41,0.47,1.06,0.94,0.1,0.58,0.17,17322,5.696501016616821
0.64,0.78,0.41,0.48,1.07,0.94,0.1,0.58,0.17,17259,5.699800968170166
0.63,0.78,0.41,0.47,1.07,0.93,0.1,0.58,0.17,17478,5.70054817199707
0.63,0.78,0.41,0.47,1.08,0.94,0.09,0.58,0.17,17279,5.704001188278198
0.64,0.77,0.41,0.47,1.07,0.94,0.1,0.59,0.17,17230,5.708938360214233
0.64,0.78,0.41,0.47,1.07,0.94,0.1,0.58,0.17,17167,5.712280988693237
0.64,0.78,0.41,0.47,1.07,0.94,0.1,0.59,0.17,17228,5.712280988693237
0.63,0.78,0.41,0.47,1.07,0.94,0.1,0.58,0.17,17559,5.716545343399048
0.63,0.77,0.41,0.47,1.07,0.94,0.1,0.58,0.16,17532,5.721556901931763
0.63,0.78,0.41,0.47,1.07,0.94,0.1,0.58,0.17,17473,5.724549293518066
0.64,0.78,0.4,0.48,1.07,0.94,0.1,0.58,0.17,17702,5.725555896759033
0.64,0.78,0.41,0.47,1.07,0.94,0.1,0.58,0.17,17309,5.728638410568237
0.64,0.78,0.41,0.47,1.07,0.94,0.1,0.58,0.17,17364,5.733586549758911
0.63,0.78,0.41,0.47,1.07,0.94,0.1,0.58,0.17,17343,5.73688817024231
0.64,0.78,0.41,0.47,1.07,0.94,0.1,0.58,0.18,17418,5.737586498260498
0.64,0.78,0.41,0.47,1.07,0.93,0.1,0.58,0.17,17419,5.741586923599243
0.64,0.78,0.41,0.47,1.07,0.93,0.1,0.59,0.17,17212,5.745626926422119
0.63,0.78,0.41,0.47,1.07,0.94,0.1,0.58,0.17,17313,5.749130725860596
0.63,0.78,0.41,0.47,1.07,0.94,0.09,0.58,0.17,17114,5.750196933746338
0.64,0.78,0.41,0.47,1.06,0.94,0.1,0.58,0.17,17387,5.752818584442139
0.63,0.78,0.4,0.47,1.07,0.94,0.1,0.58,0.17,17200,5.757106065750122
0.64,0.78,0.41,0.47,1.07,0.94,0.1,0.58,0.17,16789,5.762022018432617
0.64,0.78,0.41,0.47,1.06,0.93,0.1,0.58,0.17,17408,5.765415906906128
0.64,0.78,0.41,0.47,1.06,0.93,0.1,0.58,0.17,17275,5.766377210617065
0.64,0.78,0.41,0.47,1.06,0.93,0.1,0.58,0.17,16802,5.769629716873169
0.64,0.78,0.41,0.47,1.07,0.94,0.1,0.58,0.17,16965,5.773944139480591
0.64,0.78,0.41,0.47,1.07,0.93,0.1,0.58,0.17,17208,5.777221202850342
0.64,0.78,0.41,0.47,1.07,0.93,0.1,0.58,0.17,17143,5.777957201004028
0.64,0.78,0.41,0.47,1.07,0.94,0.1,0.58,0.17,16770,5.781438112258911
0.64,0.78,0.41,0.47,1.07,0.94,0.1,0.58,0.17,16749,5.785513877868652
0.64,0.78,0.41,0.48,1.07,0.94,0.1,0.58,0.17,17246,5.790399789810181
0.64,0.78,0.41,0.47,1.07,0.94,0.1,0.58,0.17,17689,5.790399789810181
0.64,0.78,0.41,0.47,1.07,0.94,0.1,0.59,0.17,17466,5.793779611587524
0.64,0.78,0.41,0.47,1.07,0.94,0.1,0.59,0.17,17105,5.798263311386108
0.64,0.78,0.41,0.47,1.07,0.94,0.09,0.58,0.17,17274,5.802571773529053
0.64,0.78,0.41,0.47,1.07,0.94,0.1,0.58,0.17,17241,5.802571773529053
0.64,0.78,0.41,0.47,1.07,0.94,0.1,0.58,0.17,16870,5.80664849281311
0.64,0.78,0.41,0.47,1.07,0.94,0.1,0.59,0.17,16743,5.810648441314697
0.64,0.78,0.41,0.48,1.07,0.93,0.1,0.58,0.17,17276,5.815146207809448
0.64,0.78,0.41,0.47,1.07,0.93,0.1,0.58,0.17,17125,5.815146207809448
0.64,0.77,0.41,0.47,1.07,0.94,0.1,0.58,0.17,16922,5.818674325942993
0.64,0.78,0.41,0.47,1.07,0.94,0.1,0.58,0.17,17165,5.823726654052734
0.63,0.78,0.41,0.47,1.07,0.94,0.1,0.58,0.17,17502,5.827047348022461
0.64,0.78,0.41,0.47,1.07,0.94,0.1,0.58,0.17,17397,5.830927610397339
0.64,0.77,0.41,0.47,1.07,0.94,0.1,0.58,0.17,17148,5.830927610397339
0.64,0.77,0.42,0.47,1.07,0.94,0.1,0.58,0.17,17053,5.835577964782715
0.65,0.77,0.41,0.47,1.07,0.94,0.1,0.58,0.17,17054,5.839705944061279
0.64,0.77,0.41,0.47,1.08,0.93,0.1,0.58,0.17,17281,5.842987537384033
0.65,0.77,0.41,0.47,1.07,0.94,0.11,0.58,0.17,17242,5.842987537384033
0.64,0.78,0.41,0.47,1.07,0.94,0.1,0.58,0.17,16973,5.847259759902954
0.64,0.77,0.41,0.47,1.08,0.94,0.1,0.58,0.17,17056,5.852014541625977
0.64,0.77,0.41,0.47,1.07,0.94,0.1,0.58,0.17,17593,5.855583667755127
0.64,0.78,0.41,0.47,1.07,0.94,0.1,0.58,0.17,17792,5.856467247009277
0.65,0.78,0.41,0.47,1.07,0.94,0.1,0.58,0.17,17875,5.860331773757935
0.64,0.77,0.41,0.47,1.08,0.94,0.1,0.58,0.17,17450,5.864624261856079
0.64,0.78,0.41,0.47,1.07,0.94,0.1,0.58,0.17,17097,5.867924451828003
0.64,0.77,0.41,0.47,1.07,0.94,0.1,0.58,0.17,17298,5.868772983551025
0.64,0.78,0.41,0.47,1.08,0.94,0.1,0.59,0.17,17143,5.871906280517578
0.65,0.78,0.41,0.47,1.07,0.94,0.1,0.58,0.17,17218,5.876119613647461
0.64,0.78,0.41,0.47,1.07,0.93,0.1,0.58,0.17,17313,5.880031585693359
0.65,0.77,0.41,0.47,1.07,0.94,0.1,0.58,0.17,17122,5.881043910980225
0.65,0.78,0.41,0.47,1.07,0.94,0.1,0.58,0.17,17685,5.88506555557251
0.65,0.78,0.41,0.48,1.06,0.94,0.1,0.59,0.17,17626,5.8883020877838135
0.65,0.78,0.41,0.47,1.07,0.94,0.09,0.59,0.17,17409,5.892590045928955
0.65,0.78,0.41,0.47,1.07,0.93,0.1,0.58,0.17,17206,5.8935706615448
0.65,0.77,0.41,0.47,1.07,0.94,0.1,0.59,0.17,17279,5.895985841751099
0.65,0.78,0.41,0.47,1.07,0.94,0.1,0.58,0.17,17430,5.901039123535156
0.65,0.77,0.41,0.47,1.07,0.93,0.1,0.59,0.17,17379,5.904536724090576
0.65,0.77,0.41,0.47,1.07,0.94,0.1,0.59,0.18,17118,5.905583620071411
0.65,0.77,0.41,0.47,1.07,0.94,0.1,0.58,0.17,16995,5.909448862075806
0.65,0.78,0.41,0.47,1.07,0.94,0.1,0.58,0.17,17008,5.912888526916504
0.65,0.77,0.41,0.47,1.07,0.94,0.1,0.59,0.17,17247,5.917498350143433
0.65,0.78,0.41,0.47,1.07,0.94,0.1,0.59,0.17,17256,5.920789957046509
0.65,0.77,0.41,0.47,1.07,0.93,0.1,0.59,0.17,17441,5.921508550643921
0.65,0.77,0.41,0.47,1.08,0.94,0.1,0.58,0.17,17360,5.925725698471069
0.65,0.77,0.41,0.47,1.08,0.94,0.1,0.58,0.17,17413,5.9297263622283936
0.65,0.77,0.41,0.47,1.08,0.94,0.1,0.59,0.17,16938,5.933114051818848
0.65,0.77,0.41,0.47,1.07,0.94,0.1,0.59,0.17,16921,5.933816194534302
0.65,0.78,0.41,0.47,1.08,0.93,0.1,0.59,0.17,17254,5.938478946685791
0.65,0.77,0.41,0.47,1.07,0.93,0.1,0.59,0.17,17493,5.941876173019409
0.65,0.78,0.41,0.47,1.08,0.94,0.1,0.58,0.17,17502,5.945924758911133
0.65,0.78,0.41,0.47,1.07,0.94,0.1,0.58,0.17,17937,5.945924758911133
0.65,0.77,0.41,0.47,1.07,0.94,0.1,0.59,0.17,17624,5.949904203414917
0.64,0.78,0.41,0.47,1.07,0.94,0.1,0.58,0.17,17515,5.953923940658569
0.65,0.77,0.41,0.47,1.07,0.94,0.1,0.58,0.17,17500,5.958724021911621
0.65,0.78,0.41,0.47,1.07,0.93,0.1,0.58,0.17,17203,5.958724021911621
0.65,0.77,0.41,0.47,1.07,0.94,0.1,0.58,0.17,17078,5.96199369430542
0.65,0.78,0.41,0.47,1.07,0.94,0.1,0.59,0.17,17335,5.966100454330444
0.64,0.78,0.41,0.47,1.07,0.94,0.1,0.58,0.17,17534,5.970688819885254
0.64,0.78,0.41,0.47,1.07,0.94,0.1,0.58,0.17,17757,5.971696376800537
0.65,0.78,0.41,0.47,1.07,0.94,0.1,0.58,0.17,17412,5.974669694900513
0.64,0.78,0.41,0.47,1.07,0.94,0.1,0.58,0.17,17655,5.978696823120117
0.65,0.78,0.41,0.47,1.07,0.93,0.1,0.58,0.17,17582,5.982714891433716
0.65,0.78,0.42,0.47,1.07,0.94,0.09,0.58,0.17,17315,5.983796119689941
0.64,0.78,0.41,0.47,1.07,0.94,0.1,0.58,0.17,16844,5.986605405807495
0.65,0.78,0.41,0.47,1.08,0.94,0.1,0.58,0.17,16763,5.990524530410767
0.65,0.78,0.41,0.47,1.07,0.94,0.1,0.58,0.17,17356,5.994594573974609
0.65,0.77,0.41,0.47,1.07,0.94,0.1,0.58,0.17,17889,5.998654365539551
0.65,0.77,0.41,0.47,1.08,0.94,0.1,0.58,0.18,17388,5.9996538162231445
0.65,0.77,0.41,0.47,1.08,0.94,0.1,0.58,0.17,17753,6.002218723297119
0.65,0.77,0.41,0.47,1.07,0.93,0.11,0.58,0.17,17550,6.007437467575073
0.66,0.77,0.41,0.47,1.07,0.94,0.1,0.58,0.17,17353,6.01143741607666
0.65,0.77,0.41,0.47,1.08,0.94,0.11,0.58,0.17,17592,6.01143741607666
0.65,0.77,0.41,0.47,1.07,0.94,0.1,0.59,0.17,17483,6.015533447265625
0.64,0.77,0.41,0.47,1.08,0.94,0.1,0.58,0.17,17280,6.019051790237427
0.65,0.77,0.41,0.47,1.08,0.94,0.1,0.58,0.17,17343,6.023248910903931
0.65,0.77,0.41,0.47,1.08,0.94,0.1,0.58,0.17,17180,6.02422833442688
0.65,0.77,0.41,0.47,1.08,0.94,0.1,0.58,0.17,17111,6.0272536277771
0.65,0.77,0.41,0.47,1.08,0.94,0.1,0.58,0.17,17078,6.031277418136597
0.65,0.78,0.41,0.47,1.08,0.94,0.1,0.58,0.17,16857,6.035337209701538
0.65,0.77,0.41,0.47,1.08,0.94,0.09,0.58,0.17,16966,6.036328554153442
0.65,0.77,0.41,0.47,1.08,0.94,0.1,0.58,0.17,17013,6.040332555770874
0.65,0.77,0.41,0.47,1.08,0.94,0.1,0.58,0.17,16858,6.044358253479004
0.65,0.77,0.41,0.47,1.08,0.94,0.1,0.58,0.17,17009,6.047557830810547
0.65,0.77,0.41,0.47,1.07,0.94,0.1,0.58,0.17,16870,6.04854416847229
0.65,0.77,0.41,0.47,1.08,0.94,0.1,0.58,0.17,17133,6.052557706832886
0.65,0.77,0.41,0.47,1.07,0.94,0.1,0.59,0.17,17330,6.0565502643585205
0.64,0.77,0.41,0.46,1.08,0.94,0.09,0.59,0.17,17801,6.060070991516113
0.65,0.77,0.41,0.47,1.07,0.94,0.1,0.59,0.17,17930,6.060070991516113
0.65,0.77,0.41,0.47,1.07,0.94,0.1,0.59,0.17,17401,6.064351320266724
0.65,0.78,0.41,0.47,1.07,0.94,0.1,0.58,0.17,16938,6.0685436725616455
0.65,0.77,0.41,0.47,1.07,0.93,0.1,0.59,0.17,16763,6.072452545166016
0.65,0.78,0.41,0.47,1.07,0.94,0.1,0.58,0.17,17044,6.076563119888306
0.65,0.78,0.41,0.47,1.07,0.94,0.1,0.58,0.17,17299,6.077605247497559
0.65,0.77,0.41,0.47,1.07,0.94,0.1,0.59,0.17,17812,6.080168724060059
0.65,0.78,0.41,0.47,1.07,0.94,0.1,0.58,0.17,17345,6.085224151611328
0.65,0.77,0.41,0.47,1.07,0.94,0.1,0.59,0.17,16926,6.088859796524048
0.66,0.77,0.41,0.47,1.07,0.94,0.1,0.59,0.17,17075,6.088859796524048
0.65,0.77,0.41,0.47,1.07,0.94,0.09,0.58,0.17,17372,6.09391188621521
0.65,0.77,0.41,0.47,1.08,0.94,0.1,0.59,0.17,17389,6.0974555015563965
0.65,0.77,0.41,0.47,1.08,0.93,0.1,0.59,0.17,17314,6.101834058761597
0.65,0.77,0.41,0.47,1.07,0.94,0.1,0.59,0.17,17243,6.10284423828125
0.65,0.77,0.41,0.47,1.07,0.94,0.1,0.59,0.17,17064,6.105843544006348
0.65,0.78,0.41,0.47,1.08,0.94,0.1,0.58,0.17,17411,6.1092753410339355
0.65,0.77,0.41,0.47,1.07,0.94,0.1,0.58,0.17,17116,6.113676309585571
0.64,0.77,0.41,0.47,1.08,0.94,0.1,0.58,0.17,16979,6.114725351333618
0.64,0.77,0.41,0.47,1.08,0.94,0.1,0.58,0.17,16758,6.117716312408447
0.64,0.78,0.41,0.47,1.07,0.94,0.1,0.59,0.17,16875,6.122878313064575
0.63,0.78,0.41,0.46,1.07,0.94,0.1,0.58,0.17,17238,6.126892805099487
0.64,0.77,0.41,0.46,1.07,0.94,0.1,0.58,0.17,17269,6.126892805099487
0.64,0.77,0.41,0.46,1.07,0.94,0.1,0.59,0.17,17338,6.130879640579224
0.64,0.78,0.41,0.46,1.07,0.93,0.1,0.58,0.17,17475,6.1349122524261475
0.64,0.78,0.41,0.47,1.07,0.94,0.1,0.58,0.17,17074,6.138537645339966
0.64,0.78,0.41,0.46,1.07,0.94,0.1,0.59,0.17,17051,6.138537645339966
0.63,0.78,0.41,0.46,1.07,0.94,0.1,0.58,0.17,16724,6.1427319049835205
0.63,0.77,0.41,0.46,1.07,0.94,0.1,0.59,0.17,16903,6.146331787109375
0.65,0.77,0.41,0.46,1.07,0.94,0.1,0.58,0.17,17402,6.151352167129517
0.65,0.78,0.41,0.46,1.07,0.94,0.1,0.58,0.17,17473,6.154492139816284
0.65,0.78,0.41,0.46,1.07,0.94,0.1,0.59,0.17,17448,6.154492139816284
0.65,0.78,0.41,0.46,1.08,0.94,0.1,0.58,0.17,17181,6.159301280975342
0.65,0.77,0.41,0.46,1.07,0.94,0.1,0.58,0.17,17276,6.163328409194946
0.65,0.77,0.41,0.46,1.07,0.94,0.1,0.59,0.17,17435,6.167327880859375
0.66,0.77,0.41,0.46,1.07,0.94,0.1,0.58,0.17,17628,6.167327880859375
0.66,0.77,0.41,0.46,1.07,0.94,0.1,0.59,0.17,17837,6.170882940292358
0.66,0.78,0.41,0.46,1.07,0.94,0.1,0.58,0.17,17784,6.174823760986328
0.66,0.78,0.41,0.47,1.07,0.93,0.1,0.58,0.17,17425,6.1793951988220215
0.66,0.78,0.41,0.46,1.07,0.93,0.1,0.58,0.17,17124,6.1804468631744385
0.66,0.78,0.41,0.46,1.07,0.93,0.1,0.58,0.17,17263,6.182432413101196
0.66,0.78,0.41,0.46,1.07,0.93,0.1,0.58,0.17,17498,6.187526702880859
0.66,0.78,0.41,0.46,1.07,0.93,0.1,0.58,0.17,17373,6.191502571105957
0.66,0.77,0.41,0.46,1.07,0.94,0.1,0.58,0.17,17290,6.192515134811401
0.66,0.77,0.41,0.46,1.08,0.94,0.1,0.58,0.17,17491,6.19568133354187
0.66,0.78,0.41,0.46,1.07,0.94,0.1,0.58,0.17,17438,6.19934606552124
0.66,0.78,0.41,0.46,1.07,0.94,0.1,0.59,0.17,17107,6.204230070114136
0.66,0.78,0.41,0.46,1.07,0.94,0.1,0.58,0.17,17012,6.20522928237915
0.66,0.78,0.41,0.46,1.07,0.94,0.1,0.59,0.17,17301,6.207470893859863
0.66,0.77,0.41,0.46,1.07,0.94,0.1,0.58,0.17,17276,6.211613178253174
0.66,0.78,0.42,0.45,1.08,0.94,0.1,0.58,0.17,17111,6.21679162979126
0.66,0.78,0.41,0.47,1.07,0.94,0.1,0.58,0.17,17546,6.21679162979126
0.66,0.78,0.41,0.46,1.07,0.94,0.1,0.58,0.17,17535,6.2203309535980225
0.66,0.78,0.41,0.46,1.07,0.94,0.1,0.58,0.17,17412,6.22435188293457
0.66,0.78,0.41,0.46,1.07,0.94,0.1,0.58,0.17,17359,6.229346752166748
0.66,0.78,0.41,0.47,1.07,0.94,0.1,0.58,0.17,17228,6.232513666152954
0.65,0.78,0.41,0.46,1.07,0.93,0.1,0.58,0.17,17177,6.233563184738159
0.65,0.78,0.41,0.46,1.07,0.94,0.1,0.58,0.17,16498,6.236958980560303
0.65,0.78,0.41,0.45,1.07,0.94,0.1,0.58,0.17,16767,6.241234302520752
0.65,0.78,0.41,0.46,1.07,0.94,0.09,0.58,0.16,17204,6.244481325149536
0.64,0.77,0.41,0.46,1.07,0.94,0.1,0.58,0.17,17663,6.245498895645142
0.64,0.78,0.42,0.46,1.07,0.94,0.09,0.58,0.17,17636,6.249524116516113
0.65,0.77,0.41,0.46,1.07,0.94,0.1,0.58,0.17,17341,6.252523422241211
0.65,0.78,0.41,0.46,1.07,0.94,0.1,0.59,0.17,17308,6.257065773010254
0.65,0.78,0.41,0.46,1.07,0.94,0.1,0.58,0.17,17735,6.25810980796814
0.65,0.78,0.41,0.46,1.07,0.94,0.1,0.58,0.17,17678,6.26177716255188
0.65,0.78,0.41,0.46,1.07,0.94,0.1,0.58,0.17,17373,6.265776872634888
0.65,0.78,0.41,0.46,1.07,0.94,0.1,0.58,0.16,17686,6.269574880599976
0.65,0.78,0.41,0.46,1.07,0.94,0.1,0.58,0.17,17303,6.270596504211426
0.65,0.78,0.4,0.46,1.07,0.94,0.1,0.58,0.17,17164,6.273621559143066
0.65,0.78,0.41,0.46,1.07,0.94,0.1,0.58,0.17,16859,6.278518915176392
0.64,0.78,0.41,0.46,1.07,0.94,0.1,0.58,0.17,17224,6.282660245895386
0.65,0.78,0.41,0.46,1.07,0.94,0.09,0.58,0.17,17423,6.282660245895386
0.65,0.78,0.41,0.46,1.07,0.94,0.1,0.58,0.17,17492,6.285099029541016
0.65,0.78,0.41,0.46,1.07,0.94,0.1,0.58,0.17,17173,6.2903008460998535
0.65,0.78,0.41,0.46,1.07,0.93,0.09,0.58,0.17,17226,6.294300079345703
0.65,0.78,0.41,0.46,1.07,0.94,0.1,0.58,0.17,17195,6.297937631607056
0.66,0.78,0.41,0.46,1.07,0.94,0.1,0.58,0.17,17584,6.298864364624023
0.65,0.78,0.41,0.47,1.07,0.94,0.1,0.58,0.17,17143,6.301863193511963
0.65,0.78,0.41,0.47,1.07,0.94,0.1,0.58,0.17,16680,6.306551456451416
0.65,0.78,0.41,0.46,1.07,0.94,0.1,0.58,0.17,16987,6.309863328933716
0.65,0.78,0.41,0.46,1.07,0.94,0.1,0.58,0.17,17224,6.310599088668823
0.65,0.78,0.41,0.46,1.07,0.94,0.1,0.58,0.17,17351,6.314599275588989
0.65,0.78,0.41,0.47,1.07,0.94,0.1,0.58,0.17,17532,6.319231033325195
0.65,0.78,0.41,0.47,1.07,0.94,0.1,0.58,0.17,17221,6.322523832321167
0.65,0.78,0.41,0.46,1.07,0.94,0.1,0.58,0.17,17518,6.323609828948975
0.66,0.78,0.41,0.46,1.07,0.94,0.1,0.58,0.17,17593,6.327221155166626
0.65,0.78,0.4,0.46,1.07,0.94,0.1,0.58,0.17,17400,6.331484079360962
0.65,0.78,0.41,0.46,1.07,0.94,0.1,0.58,0.17,17313,6.335517883300781
0.65,0.77,0.41,0.46,1.07,0.94,0.1,0.58,0.17,17290,6.335517883300781
0.65,0.77,0.41,0.46,1.07,0.94,0.1,0.58,0.17,17013,6.33951735496521
0.65,0.78,0.41,0.46,1.07,0.94,0.1,0.58,0.17,17000,6.3429789543151855
0.65,0.77,0.4,0.46,1.07,0.94,0.11,0.58,0.17,17255,6.347643852233887
0.65,0.78,0.41,0.47,1.07,0.94,0.1,0.58,0.17,17218,6.347643852233887
0.65,0.78,0.41,0.46,1.07,0.94,0.1,0.58,0.17,17023,6.352176189422607
0.65,0.78,0.41,0.46,1.07,0.94,0.1,0.58,0.17,17118,6.355360984802246
0.65,0.78,0.41,0.46,1.07,0.94,0.1,0.58,0.17,17049,6.359872579574585
0.65,0.78,0.41,0.47,1.07,0.94,0.1,0.58,0.17,17136,6.360904216766357
0.65,0.77,0.41,0.47,1.07,0.94,0.1,0.58,0.17,17403,6.36390495300293
0.65,0.77,0.41,0.47,1.07,0.94,0.1,0.58,0.17,17026,6.367891788482666
0.65,0.78,0.41,0.47,1.07,0.94,0.1,0.58,0.17,17101,6.372228622436523
0.65,0.78,0.41,0.47,1.07,0.94,0.1,0.58,0.17,17114,6.375723361968994
0.65,0.78,0.41,0.47,1.07,0.94,0.1,0.58,0.17,17183,6.376780033111572
0.65,0.78,0.41,0.47,1.07,0.94,0.1,0.58,0.17,17510,6.38016152381897
0.65,0.78,0.41,0.47,1.07,0.94,0.1,0.58,0.17,17573,6.384580612182617
0.65,0.78,0.41,0.46,1.07,0.94,0.1,0.58,0.17,17608,6.38754677772522
0.65,0.78,0.41,0.46,1.07,0.94,0.1,0.59,0.17,16901,6.3885767459869385
0.65,0.78,0.41,0.46,1.07,0.94,0.1,0.58,0.17,16890,6.391831636428833
0.65,0.78,0.41,0.46,1.07,0.94,0.09,0.59,0.17,17413,6.396902322769165
0.65,0.78,0.41,0.46,1.07,0.94,0.1,0.58,0.17,17862,6.400354385375977
0.65,0.78,0.41,0.46,1.07,0.93,0.1,0.58,0.17,17697,6.4011688232421875
0.65,0.78,0.41,0.46,1.07,0.94,0.1,0.59,0.17,17394,6.4041571617126465
0.65,0.78,0.41,0.46,1.07,0.94,0.1,0.59,0.17,17805,6.4082934856414795
0.66,0.78,0.41,0.46,1.07,0.94,0.1,0.59,0.17,17870,6.412475347518921
0.65,0.77,0.41,0.46,1.07,0.94,0.1,0.59,0.17,17221,6.41372275352478
0.65,0.77,0.41,0.46,1.07,0.94,0.1,0.59,0.18,17252,6.416422367095947
0.65,0.78,0.41,0.47,1.07,0.94,0.1,0.59,0.17,17163,6.421788692474365
0.65,0.78,0.41,0.46,1.07,0.94,0.1,0.58,0.17,17306,6.425788879394531
0.66,0.78,0.41,0.46,1.07,0.94,0.1,0.59,0.17,17251,6.425788879394531
0.65,0.78,0.41,0.46,1.07,0.94,0.11,0.59,0.17,17578,6.428790092468262
0.66,0.78,0.41,0.46,1.07,0.94,0.1,0.59,0.17,17603,6.433034896850586
0.65,0.78,0.4,0.46,1.07,0.94,0.1,0.59,0.17,17782,6.437095403671265
0.65,0.78,0.41,0.46,1.07,0.94,0.1,0.58,0.17,17441,6.441002607345581
0.65,0.78,0.41,0.46,1.07,0.94,0.1,0.58,0.17,16836,6.4420013427734375
0.65,0.78,0.41,0.46,1.07,0.94,0.1,0.58,0.17,16999,6.445174932479858
0.65,0.78,0.41,0.46,1.07,0.94,0.1,0.59,0.17,17440,6.4503114223480225
0.65,0.78,0.41,0.46,1.07,0.94,0.1,0.58,0.17,17753,6.453423738479614
0.65,0.78,0.41,0.46,1.07,0.93,0.1,0.58,0.17,17546,6.454323053359985
0.65,0.78,0.41,0.47,1.07,0.94,0.1,0.58,0.17,17401,6.45829963684082
0.65,0.78,0.41,0.47,1.07,0.94,0.1,0.58,0.17,17340,6.462751865386963
0.65,0.78,0.41,0.47,1.07,0.94,0.1,0.58,0.17,17551,6.465948104858398
0.65,0.78,0.41,0.46,1.07,0.94,0.1,0.58,0.17,17724,6.466752529144287
0.65,0.78,0.41,0.46,1.07,0.94,0.1,0.59,0.17,17519,6.470816612243652
0.65,0.78,0.41,0.47,1.07,0.94,0.1,0.58,0.17,17254,6.474984407424927
0.65,0.78,0.41,0.47,1.07,0.94,0.1,0.58,0.17,17339,6.478199243545532
0.65,0.78,0.41,0.47,1.07,0.94,0.1,0.58,0.17,16738,6.479005813598633
0.65,0.78,0.41,0.47,1.08,0.94,0.1,0.58,0.17,17195,6.482749700546265
0.66,0.78,0.41,0.47,1.07,0.94,0.1,0.58,0.18,17400,6.4874491691589355
0.65,0.78,0.41,0.47,1.07,0.94,0.1,0.58,0.17,17217,6.4905030727386475
0.66,0.78,0.41,0.47,1.07,0.94,0.1,0.58,0.17,17478,6.491448640823364
0.65,0.78,0.41,0.47,1.07,0.94,0.1,0.59,0.17,17587,6.49444580078125
0.65,0.78,0.41,0.47,1.07,0.94,0.1,0.58,0.17,17236,6.499816417694092
0.65,0.78,0.41,0.47,1.08,0.94,0.1,0.59,0.17,16647,6.5028076171875
0.65,0.78,0.4,0.46,1.07,0.94,0.1,0.58,0.17,17264,6.506152391433716
0.65,0.78,0.41,0.46,1.07,0.94,0.1,0.59,0.17,17227,6.506937265396118
0.65,0.78,0.41,0.47,1.07,0.94,0.11,0.58,0.17,17070,6.511996746063232
0.66,0.78,0.41,0.47,1.07,0.94,0.1,0.58,0.17,17381,6.515973091125488
0.65,0.78,0.41,0.46,1.07,0.94,0.1,0.59,0.17,17384,6.518997430801392
0.65,0.78,0.41,0.46,1.07,0.94,0.1,0.58,0.17,17313,6.518997430801392
0.65,0.78,0.41,0.46,1.07,0.94,0.1,0.58,0.17,17272,6.5230913162231445
0.65,0.78,0.41,0.46,1.07,0.94,0.1,0.58,0.17,17215,6.52765679359436
0.65,0.78,0.41,0.46,1.07,0.94,0.1,0.59,0.17,17584,6.530718803405762
0.65,0.78,0.41,0.47,1.07,0.94,0.1,0.58,0.17,18033,6.5317888259887695
0.65,0.78,0.41,0.46,1.07,0.94,0.1,0.59,0.18,17552,6.535194635391235
0.64,0.78,0.41,0.46,1.07,0.94,0.1,0.58,0.17,17571,6.540248155593872
0.65,0.78,0.41,0.46,1.07,0.94,0.1,0.58,0.17,17790,6.543566465377808
0.65,0.78,0.41,0.46,1.07,0.94,0.1,0.58,0.18,17809,6.5442955493927
0.66,0.78,0.41,0.47,1.07,0.94,0.1,0.58,0.17,17184,6.548768758773804
0.65,0.78,0.41,0.47,1.07,0.93,0.1,0.59,0.17,17215,6.551363468170166
0.66,0.78,0.41,0.47,1.08,0.94,0.1,0.59,0.17,17368,6.556369066238403
0.65,0.78,0.41,0.47,1.07,0.94,0.1,0.59,0.17,17245,6.556369066238403
0.65,0.78,0.41,0.47,1.07,0.94,0.1,0.58,0.17,17004,6.560191869735718
0.65,0.78,0.41,0.46,1.07,0.93,0.1,0.58,0.18,17323,6.564260482788086
0.66,0.78,0.41,0.46,1.07,0.94,0.1,0.59,0.17,17562,6.568206787109375
0.65,0.78,0.41,0.46,1.07,0.94,0.1,0.58,0.17,17599,6.568206787109375
0.66,0.78,0.41,0.47,1.07,0.94,0.1,0.58,0.17,17708,6.57269024848938
0.66,0.78,0.41,0.46,1.07,0.94,0.1,0.59,0.17,17873,6.576210021972656
0.66,0.78,0.41,0.47,1.07,0.94,0.11,0.58,0.17,17274,6.581254482269287
0.65,0.78,0.41,0.46,1.07,0.94,0.1,0.59,0.18,17037,6.584620475769043
0.66,0.78,0.41,0.46,1.07,0.94,0.11,0.59,0.17,17238,6.5852789878845215
0.66,0.78,0.41,0.47,1.07,0.94,0.1,0.59,0.18,17515,6.589256525039673
0.66,0.78,0.41,0.47,1.07,0.94,0.1,0.58,0.17,17234,6.592555284500122
0.66,0.78,0.41,0.47,1.07,0.94,0.1,0.58,0.18,17051,6.597364664077759
0.65,0.78,0.41,0.46,1.07,0.94,0.1,0.58,0.17,17410,6.597364664077759
0.66,0.78,0.41,0.47,1.07,0.94,0.1,0.58,0.18,17489,6.602013826370239
0.66,0.78,0.41,0.47,1.06,0.94,0.1,0.58,0.18,17422,6.60500955581665
0.65,0.78,0.41,0.46,1.07,0.94,0.1,0.58,0.17,17229,6.609256267547607
0.66,0.78,0.42,0.47,1.07,0.94,0.1,0.59,0.18,17220,6.609256267547607
0.65,0.78,0.41,0.47,1.07,0.94,0.1,0.59,0.17,17483,6.61324667930603
0.66,0.78,0.42,0.47,1.07,0.93,0.1,0.58,0.17,17402,6.618236303329468
0.66,0.78,0.41,0.47,1.07,0.93,0.1,0.59,0.18,17005,6.621439218521118
0.65,0.78,0.41,0.47,1.07,0.94,0.1,0.58,0.17,16982,6.622462034225464
0.65,0.78,0.41,0.47,1.07,0.93,0.1,0.58,0.18,17343,6.62546181678772
0.65,0.78,0.41,0.47,1.08,0.93,0.1,0.58,0.17,17176,6.629598617553711
0.65,0.78,0.41,0.47,1.07,0.93,0.1,0.58,0.17,16829,6.63401985168457
0.66,0.78,0.41,0.47,1.07,0.93,0.1,0.58,0.17,16526,6.63401985168457
0.66,0.78,0.41,0.46,1.08,0.93,0.1,0.58,0.17,17059,6.638576030731201
0.65,0.78,0.42,0.47,1.07,0.94,0.1,0.58,0.18,17148,6.642110586166382
0.65,0.78,0.41,0.46,1.07,0.93,0.1,0.58,0.18,17299,6.646673679351807
0.65,0.78,0.41,0.46,1.07,0.94,0.1,0.58,0.17,17520,6.649981498718262
0.65,0.78,0.41,0.46,1.07,0.94,0.1,0.58,0.17,17517,6.650706768035889
0.65,0.78,0.41,0.46,1.07,0.94,0.1,0.58,0.18,17360,6.6547064781188965
0.65,0.78,0.41,0.46,1.07,0.94,0.1,0.58,0.17,17005,6.659247636795044
0.66,0.78,0.41,0.46,1.08,0.94,0.1,0.58,0.17,17060,6.6624884605407715
0.65,0.79,0.41,0.46,1.07,0.93,0.1,0.58,0.17,17179,6.663552522659302
0.66,0.78,0.41,0.46,1.07,0.93,0.1,0.58,0.17,17074,6.667550802230835
0.66,0.78,0.41,0.46,1.07,0.93,0.1,0.58,0.17,17271,6.671774864196777
0.66,0.78,0.41,0.46,1.07,0.94,0.1,0.58,0.17,17690,6.674764633178711
0.66,0.78,0.41,0.46,1.07,0.94,0.1,0.59,0.18,17403,6.675772428512573
0.65,0.78,0.42,0.46,1.07,0.94,0.1,0.58,0.18,17400,6.679769515991211
0.66,0.78,0.41,0.46,1.07,0.94,0.11,0.58,0.17,17601,6.682595491409302
0.66,0.78,0.42,0.46,1.07,0.93,0.1,0.58,0.17,17150,6.687143564224243
0.66,0.78,0.41,0.46,1.07,0.93,0.1,0.59,0.17,17303,6.688199281692505
0.66,0.78,0.41,0.46,1.07,0.93,0.1,0.58,0.17,17442,6.691197156906128
0.66,0.78,0.41,0.46,1.07,0.93,0.1,0.58,0.18,17207,6.695186138153076
0.66,0.78,0.41,0.46,1.07,0.94,0.1,0.58,0.17,17052,6.699186086654663
0.66,0.78,0.41,0.46,1.07,0.94,0.1,0.59,0.17,17091,6.699186086654663
0.66,0.78,0.41,0.46,1.07,0.93,0.1,0.59,0.17,17072,6.703194856643677
0.66,0.78,0.41,0.46,1.07,0.93,0.1,0.59,0.17,16787,6.7083234786987305
0.65,0.78,0.41,0.46,1.07,0.93,0.1,0.59,0.17,16534,6.711369037628174
0.66,0.78,0.41,0.46,1.07,0.93,0.1,0.59,0.18,17109,6.7155609130859375
0.65,0.78,0.41,0.46,1.07,0.93,0.1,0.59,0.17,17540,6.7155609130859375
0.66,0.78,0.41,0.46,1.07,0.93,0.1,0.59,0.17,17461,6.720757961273193
0.65,0.78,0.42,0.45,1.07,0.93,0.1,0.59,0.17,17254,6.7245988845825195
0.66,0.78,0.41,0.46,1.07,0.93,0.1,0.59,0.17,17467,6.728249788284302
0.66,0.78,0.41,0.46,1.07,0.93,0.1,0.58,0.17,17428,6.728249788284302
0.65,0.78,0.41,0.45,1.07,0.94,0.1,0.59,0.17,17137,6.732465505599976
0.66,0.78,0.41,0.46,1.07,0.93,0.1,0.58,0.17,16972,6.736412048339844
0.66,0.78,0.41,0.45,1.07,0.93,0.1,0.59,0.17,17215,6.739956855773926
0.66,0.78,0.41,0.46,1.07,0.93,0.11,0.58,0.17,17184,6.741018295288086
0.65,0.79,0.41,0.46,1.07,0.93,0.1,0.59,0.17,17199,6.7450172901153564
0.66,0.78,0.41,0.47,1.07,0.94,0.1,0.59,0.17,17370,6.7494823932647705
0.66,0.78,0.42,0.46,1.07,0.94,0.1,0.59,0.17,17345,6.752574920654297
0.66,0.78,0.41,0.45,1.07,0.93,0.1,0.59,0.17,17566,6.753494739532471
0.66,0.78,0.42,0.46,1.07,0.94,0.1,0.59,0.17,17513,6.756515026092529
0.66,0.78,0.41,0.46,1.07,0.93,0.1,0.58,0.17,17286,6.761829376220703
0.66,0.78,0.41,0.46,1.07,0.93,0.1,0.59,0.17,17299,6.764414310455322
0.66,0.78,0.41,0.46,1.07,0.93,0.1,0.58,0.17,17268,6.7654266357421875
0.66,0.78,0.42,0.46,1.07,0.93,0.1,0.59,0.17,16753,6.769465923309326
0.66,0.78,0.41,0.46,1.07,0.93,0.1,0.58,0.17,17106,6.772972106933594
0.66,0.78,0.42,0.46,1.07,0.93,0.1,0.59,0.17,17805,6.776936292648315
0.66,0.78,0.42,0.46,1.07,0.93,0.1,0.59,0.17,17484,6.776936292648315
0.66,0.78,0.41,0.46,1.07,0.94,0.1,0.59,0.17,17229,6.781335115432739
0.66,0.78,0.42,0.46,1.07,0.94,0.1,0.59,0.17,17154,6.785392761230469
0.66,0.78,0.42,0.45,1.07,0.93,0.1,0.59,0.17,17335,6.790400505065918
0.66,0.78,0.41,0.46,1.07,0.93,0.1,0.59,0.17,17774,6.793389320373535
0.66,0.78,0.42,0.46,1.07,0.94,0.1,0.58,0.17,17313,6.793389320373535
0.66,0.78,0.41,0.46,1.07,0.94,0.1,0.59,0.17,17306,6.79739236831665
0.66,0.78,0.41,0.46,1.07,0.94,0.1,0.59,0.17,17333,6.801388740539551
0.66,0.78,0.42,0.46,1.07,0.94,0.1,0.58,0.18,17254,6.805508375167847
0.66,0.78,0.42,0.46,1.07,0.93,0.1,0.58,0.17,17373,6.805508375167847
0.66,0.78,0.41,0.46,1.07,0.93,0.1,0.58,0.18,17498,6.809640169143677
0.66,0.78,0.41,0.46,1.07,0.94,0.1,0.59,0.17,17283,6.8146796226501465
0.66,0.78,0.42,0.46,1.07,0.93,0.1,0.59,0.17,17116,6.817715644836426
0.66,0.78,0.42,0.46,1.07,0.93,0.1,0.58,0.17,16895,6.818762302398682
0.66,0.78,0.42,0.46,1.07,0.93,0.1,0.58,0.17,17240,6.82276177406311
0.66,0.78,0.42,0.46,1.07,0.93,0.1,0.58,0.17,17493,6.826449632644653
0.66,0.78,0.41,0.46,1.07,0.93,0.1,0.59,0.18,17978,6.830469369888306
0.66,0.78,0.42,0.45,1.07,0.94,0.1,0.59,0.17,17641,6.830469369888306
0.66,0.78,0.42,0.46,1.07,0.93,0.1,0.59,0.17,17372,6.835432767868042
0.66,0.78,0.41,0.46,1.07,0.93,0.1,0.59,0.17,17377,6.839540958404541
0.66,0.78,0.41,0.46,1.07,0.94,0.1,0.59,0.17,16840,6.842541933059692
0.66,0.78,0.41,0.46,1.07,0.93,0.1,0.58,0.17,17125,6.842541933059692
0.66,0.78,0.42,0.46,1.07,0.93,0.1,0.58,0.17,17664,6.846863508224487
0.66,0.78,0.41,0.46,1.07,0.93,0.1,0.58,0.17,17323,6.851236820220947
0.66,0.78,0.41,0.46,1.07,0.93,0.1,0.59,0.17,17082,6.855140447616577
0.66,0.78,0.42,0.46,1.07,0.94,0.1,0.58,0.17,17083,6.859038591384888
0.66,0.78,0.41,0.46,1.07,0.94,0.1,0.59,0.17,17124,6.859776973724365
0.66,0.78,0.41,0.46,1.07,0.94,0.1,0.58,0.17,17481,6.863043546676636
0.66,0.78,0.41,0.46,1.07,0.94,0.1,0.58,0.17,17374,6.868055105209351
0.66,0.78,0.41,0.46,1.07,0.93,0.1,0.59,0.17,17221,6.871425628662109
0.66,0.78,0.41,0.46,1.07,0.94,0.1,0.59,0.17,17382,6.871425628662109
0.66,0.78,0.41,0.47,1.07,0.93,0.1,0.59,0.17,17417,6.8758955001831055
0.66,0.78,0.41,0.46,1.07,0.94,0.1,0.59,0.17,17166,6.880467653274536
0.66,0.78,0.42,0.46,1.07,0.94,0.1,0.58,0.17,17245,6.883660078048706
0.66,0.78,0.41,0.46,1.07,0.93,0.1,0.59,0.17,17030,6.884489297866821
0.66,0.78,0.42,0.46,1.07,0.93,0.1,0.58,0.17,17269,6.888765335083008
0.66,0.78,0.42,0.46,1.06,0.93,0.1,0.59,0.18,16924,6.891968488693237
0.66,0.77,0.41,0.46,1.07,0.94,0.1,0.58,0.17,16725,6.8964011669158936
0.66,0.78,0.41,0.46,1.07,0.94,0.1,0.59,0.17,17124,6.8964011669158936
0.66,0.78,0.42,0.46,1.07,0.94,0.1,0.58,0.17,17111,6.90044379234314
0.66,0.78,0.41,0.46,1.07,0.94,0.1,0.58,0.17,17024,6.9050939083099365
0.66,0.78,0.41,0.46,1.07,0.94,0.1,0.59,0.17,17137,6.908281087875366
0.66,0.77,0.42,0.46,1.07,0.93,0.1,0.59,0.17,17078,6.908281087875366
0.66,0.78,0.42,0.46,1.07,0.93,0.1,0.59,0.17,17253,6.91228175163269
0.66,0.78,0.42,0.46,1.07,0.93,0.1,0.58,0.17,16848,6.91628098487854
0.67,0.78,0.41,0.47,1.07,0.93,0.11,0.59,0.17,17037,6.920284271240234
0.66,0.78,0.41,0.45,1.07,0.93,0.1,0.59,0.17,17126,6.920284271240234
0.66,0.78,0.41,0.46,1.07,0.93,0.1,0.59,0.18,17207,6.924257755279541
0.66,0.78,0.41,0.46,1.07,0.93,0.1,0.59,0.17,17372,6.928584575653076
0.65,0.78,0.41,0.46,1.07,0.94,0.1,0.59,0.17,17155,6.932586431503296
0.66,0.78,0.41,0.46,1.07,0.93,0.1,0.59,0.18,17118,6.9371178150177
0.65,0.78,0.42,0.46,1.07,0.93,0.1,0.59,0.17,17143,6.9371178150177
0.66,0.78,0.41,0.46,1.07,0.94,0.1,0.59,0.17,17080,6.941144943237305
0.66,0.78,0.42,0.47,1.07,0.94,0.11,0.59,0.17,16905,6.94527530670166
0.65,0.78,0.41,0.46,1.07,0.94,0.1,0.59,0.17,16846,6.949162483215332
0.66,0.78,0.42,0.46,1.07,0.94,0.1,0.59,0.17,17331,6.949162483215332
0.66,0.78,0.41,0.46,1.07,0.93,0.1,0.59,0.17,17702,6.953406572341919
0.66,0.78,0.41,0.46,1.07,0.93,0.1,0.59,0.17,17537,6.958494663238525
0.66,0.78,0.41,0.46,1.07,0.94,0.1,0.59,0.17,17250,6.961889266967773
0.65,0.78,0.41,0.46,1.07,0.94,0.1,0.59,0.17,17347,6.962870359420776
0.66,0.78,0.41,0.46,1.07,0.94,0.1,0.59,0.17,17220,6.966366767883301
0.65,0.78,0.41,0.46,1.07,0.94,0.1,0.59,0.17,17403,6.970387697219849
0.65,0.78,0.41,0.46,1.07,0.94,0.1,0.59,0.17,17340,6.973791122436523
0.66,0.78,0.41,0.46,1.07,0.93,0.1,0.59,0.17,17269,6.974717855453491
0.66,0.78,0.41,0.46,1.07,0.93,0.1,0.58,0.17,16912,6.978586673736572
0.66,0.78,0.41,0.46,1.07,0.94,0.1,0.59,0.17,17265,6.982614994049072
0.66,0.78,0.41,0.47,1.07,0.94,0.1,0.58,0.17,17174,6.985508441925049
0.66,0.78,0.41,0.47,1.07,0.94,0.09,0.58,0.17,17221,6.98647665977478
0.66,0.78,0.42,0.46,1.07,0.94,0.1,0.58,0.17,17634,6.990105867385864
0.66,0.78,0.41,0.46,1.07,0.94,0.1,0.58,0.17,17455,6.994484901428223
0.66,0.78,0.42,0.46,1.07,0.94,0.11,0.58,0.17,17422,6.998481750488281
0.66,0.78,0.41,0.46,1.07,0.93,0.1,0.59,0.17,16893,6.998481750488281
0.66,0.78,0.42,0.46,1.07,0.94,0.1,0.59,0.17,16650,7.002479314804077
0.66,0.78,0.42,0.46,1.07,0.93,0.1,0.58,0.17,17129,7.0064780712127686
0.66,0.78,0.41,0.46,1.07,0.93,0.1,0.59,0.17,17378,7.010485410690308
0.66,0.78,0.41,0.46,1.07,0.93,0.1,0.58,0.18,17213,7.014482021331787
0.66,0.78,0.42,0.46,1.07,0.93,0.1,0.58,0.17,16802,7.014874219894409
0.66,0.78,0.42,0.46,1.07,0.94,0.1,0.58,0.17,16969,7.018519163131714
0.66,0.78,0.42,0.46,1.07,0.94,0.1,0.59,0.17,17088,7.022562742233276
0.66,0.78,0.42,0.46,1.07,0.94,0.1,0.59,0.17,17085,7.027026653289795
0.66,0.78,0.41,0.47,1.07,0.94,0.11,0.59,0.17,16964,7.028021812438965
0.66,0.78,0.41,0.46,1.07,0.94,0.1,0.59,0.17,17163,7.0313520431518555
0.66,0.78,0.41,0.47,1.07,0.94,0.1,0.59,0.17,17140,7.034986734390259
0.66,0.78,0.41,0.47,1.07,0.94,0.1,0.58,0.17,17105,7.039395809173584
0.66,0.78,0.41,0.46,1.07,0.94,0.1,0.59,0.17,16726,7.039395809173584
0.66,0.78,0.41,0.46,1.07,0.94,0.1,0.59,0.17,16887,7.043041944503784
0.66,0.78,0.41,0.46,1.07,0.94,0.1,0.59,0.18,17522,7.04707670211792
0.66,0.78,0.41,0.47,1.07,0.93,0.11,0.59,0.17,17497,7.0510783195495605
0.66,0.77,0.41,0.46,1.07,0.94,0.11,0.58,0.17,17366,7.052078008651733
0.67,0.78,0.41,0.46,1.07,0.93,0.11,0.59,0.17,17443,7.055076837539673
0.66,0.78,0.42,0.46,1.07,0.94,0.1,0.59,0.18,17262,7.059254884719849
0.66,0.78,0.42,0.46,1.07,0.94,0.1,0.59,0.17,16861,7.063263416290283
0.66,0.78,0.42,0.46,1.07,0.94,0.1,0.59,0.17,16876,7.064343690872192
0.66,0.78,0.42,0.46,1.07,0.94,0.1,0.59,0.18,17223,7.068304777145386
0.66,0.78,0.42,0.46,1.07,0.94,0.1,0.59,0.17,17298,7.072606801986694
0.66,0.78,0.41,0.47,1.07,0.94,0.11,0.59,0.17,17477,7.076740741729736
0.66,0.78,0.42,0.47,1.07,0.94,0.1,0.59,0.18,17738,7.076740741729736
0.66,0.78,0.41,0.46,1.07,0.94,0.1,0.59,0.18,17649,7.0800254344940186
0.66,0.78,0.41,0.46,1.07,0.94,0.1,0.59,0.17,17274,7.0843424797058105
0.66,0.78,0.42,0.46,1.07,0.94,0.1,0.59,0.17,17221,7.089026212692261
0.66,0.78,0.42,0.46,1.07,0.94,0.1,0.59,0.17,17218,7.089026212692261
0.66,0.78,0.42,0.46,1.07,0.94,0.1,0.59,0.17,16975,7.092369556427002
0.66,0.78,0.41,0.46,1.07,0.94,0.1,0.59,0.17,17156,7.09777045249939
0.66,0.78,0.42,0.47,1.07,0.94,0.1,0.59,0.17,17357,7.101229906082153
0.66,0.78,0.42,0.46,1.07,0.94,0.1,0.59,0.17,16880,7.10411810874939
0.66,0.78,0.41,0.46,1.07,0.94,0.1,0.59,0.17,16793,7.105163335800171
0.66,0.78,0.41,0.46,1.07,0.94,0.1,0.59,0.17,17096,7.109757900238037
0.66,0.78,0.41,0.47,1.07,0.94,0.1,0.59,0.17,17251,7.113757848739624
0.66,0.78,0.41,0.46,1.07,0.94,0.1,0.59,0.17,17204,7.1177356243133545
0.65,0.78,0.41,0.47,1.07,0.93,0.11,0.59,0.17,17507,7.1177356243133545
0.65,0.78,0.41,0.47,1.07,0.94,0.1,0.59,0.17,17300,7.121758222579956
0.66,0.78,0.42,0.47,1.07,0.94,0.1,0.59,0.18,17519,7.125370025634766
0.66,0.78,0.41,0.47,1.07,0.94,0.1,0.59,0.17,17520,7.129491567611694
0.65,0.78,0.41,0.46,1.07,0.94,0.1,0.59,0.17,17325,7.130580425262451
0.65,0.78,0.41,0.47,1.07,0.94,0.1,0.59,0.17,17198,7.133580684661865
0.65,0.78,0.41,0.47,1.07,0.94,0.1,0.59,0.17,17509,7.1386802196502686
0.65,0.78,0.41,0.47,1.07,0.94,0.1,0.59,0.17,17070,7.142186403274536
0.65,0.78,0.41,0.47,1.07,0.94,0.1,0.59,0.17,16873,7.142186403274536
0.65,0.77,0.41,0.47,1.08,0.94,0.1,0.59,0.17,17444,7.146175146102905
0.65,0.78,0.41,0.46,1.07,0.94,0.1,0.59,0.17,17331,7.150363206863403
0.66,0.78,0.41,0.46,1.07,0.94,0.1,0.59,0.17,17144,7.1543967723846436
0.66,0.78,0.41,0.46,1.07,0.94,0.1,0.59,0.17,16975,7.1543967723846436
0.66,0.78,0.41,0.47,1.07,0.94,0.1,0.58,0.17,17188,7.158754110336304
0.65,0.78,0.41,0.46,1.07,0.94,0.11,0.59,0.17,17751,7.162334203720093
0.65,0.78,0.41,0.46,1.07,0.94,0.1,0.59,0.17,17510,7.166730642318726
0.65,0.78,0.41,0.47,1.07,0.94,0.1,0.59,0.17,17327,7.166730642318726
0.65,0.78,0.41,0.46,1.07,0.94,0.1,0.59,0.17,17698,7.171051263809204
0.66,0.78,0.41,0.46,1.07,0.94,0.1,0.59,0.17,17659,7.175563335418701
0.65,0.78,0.41,0.46,1.07,0.94,0.1,0.59,0.17,17508,7.178264379501343
0.65,0.78,0.41,0.47,1.07,0.94,0.1,0.59,0.17,16945,7.182579278945923
0.65,0.78,0.41,0.46,1.07,0.94,0.1,0.59,0.17,17034,7.1832756996154785
0.66,0.78,0.41,0.47,1.07,0.94,0.11,0.59,0.17,16901,7.187063694000244
0.66,0.78,0.41,0.46,1.07,0.94,0.1,0.59,0.18,17092,7.19146466255188
0.65,0.78,0.41,0.47,1.07,0.94,0.1,0.59,0.17,17199,7.195464611053467
0.66,0.78,0.41,0.47,1.07,0.94,0.1,0.59,0.17,17302,7.195464611053467
0.65,0.78,0.41,0.46,1.07,0.94,0.1,0.59,0.17,17293,7.199432611465454
0.65,0.78,0.41,0.46,1.07,0.94,0.1,0.59,0.17,17272,7.203442335128784
0.65,0.78,0.41,0.46,1.07,0.94,0.1,0.59,0.17,17123,7.20716667175293
0.65,0.78,0.41,0.46,1.07,0.94,0.1,0.59,0.17,17098,7.208202123641968
0.66,0.78,0.41,0.46,1.07,0.93,0.1,0.59,0.17,17209,7.21130895614624
0.66,0.78,0.41,0.46,1.07,0.94,0.1,0.59,0.18,16918,7.215288877487183
0.65,0.78,0.41,0.46,1.07,0.94,0.1,0.59,0.17,16847,7.219563245773315
0.65,0.78,0.41,0.46,1.07,0.94,0.1,0.59,0.17,17208,7.219563245773315
0.65,0.78,0.41,0.46,1.07,0.94,0.1,0.59,0.17,17551,7.2235612869262695
0.65,0.78,0.41,0.46,1.07,0.94,0.1,0.59,0.17,16940,7.22790265083313
0.66,0.78,0.41,0.46,1.07,0.94,0.1,0.59,0.17,17027,7.23218035697937
0.65,0.78,0.41,0.46,1.07,0.94,0.1,0.59,0.18,17798,7.23218035697937
0.65,0.78,0.41,0.46,1.07,0.94,0.1,0.59,0.17,17449,7.235578298568726
0.65,0.78,0.41,0.46,1.07,0.94,0.1,0.59,0.17,17062,7.240761995315552
0.65,0.78,0.41,0.46,1.07,0.94,0.1,0.58,0.17,17255,7.2442307472229
0.66,0.78,0.41,0.46,1.07,0.94,0.1,0.59,0.17,17690,7.247641324996948
0.66,0.78,0.41,0.46,1.07,0.94,0.1,0.59,0.17,17831,7.247641324996948
0.65,0.78,0.42,0.46,1.07,0.94,0.1,0.59,0.17,17884,7.25182318687439
0.65,0.78,0.41,0.46,1.07,0.94,0.1,0.59,0.17,17737,7.2568442821502686
0.66,0.78,0.41,0.46,1.07,0.94,0.1,0.59,0.17,17552,7.260151147842407
0.65,0.77,0.41,0.46,1.07,0.94,0.1,0.59,0.17,17335,7.2608442306518555
0.65,0.78,0.41,0.46,1.07,0.94,0.1,0.59,0.17,17426,7.264412879943848
0.65,0.78,0.41,0.46,1.07,0.93,0.1,0.59,0.17,17111,7.268896102905273
0.65,0.78,0.41,0.46,1.08,0.94,0.1,0.58,0.17,17356,7.272880554199219
0.65,0.78,0.42,0.46,1.07,0.94,0.1,0.59,0.18,17813,7.273876667022705
0.66,0.78,0.42,0.47,1.07,0.94,0.1,0.59,0.17,17460,7.276893138885498
0.65,0.77,0.42,0.46,1.07,0.94,0.1,0.59,0.17,17731,7.2818803787231445
0.65,0.77,0.42,0.47,1.07,0.94,0.1,0.59,0.17,17672,7.285162687301636
0.66,0.78,0.42,0.46,1.07,0.94,0.1,0.59,0.17,17001,7.285162687301636
0.66,0.78,0.42,0.46,1.07,0.94,0.1,0.59,0.17,17166,7.289520502090454
0.65,0.78,0.41,0.47,1.07,0.94,0.1,0.59,0.17,17783,7.2935051918029785
0.66,0.78,0.41,0.46,1.08,0.94,0.1,0.59,0.17,17748,7.297222852706909
0.66,0.78,0.41,0.46,1.07,0.94,0.1,0.59,0.17,17399,7.298269748687744
0.65,0.78,0.41,0.46,1.07,0.94,0.1,0.59,0.17,17540,7.301506996154785
0.66,0.78,0.42,0.46,1.08,0.93,0.1,0.59,0.17,17005,7.305803060531616
0.66,0.78,0.42,0.46,1.07,0.94,0.1,0.59,0.17,17076,7.310067653656006
0.65,0.77,0.41,0.46,1.07,0.94,0.1,0.59,0.17,17377,7.311079740524292
0.66,0.78,0.42,0.46,1.07,0.94,0.1,0.59,0.17,17016,7.314728021621704
0.65,0.78,0.41,0.46,1.07,0.94,0.1,0.59,0.17,16817,7.317955732345581
0.65,0.78,0.41,0.46,1.07,0.94,0.1,0.59,0.17,17180,7.322339773178101
0.65,0.78,0.42,0.46,1.08,0.94,0.1,0.59,0.17,17177,7.325599670410156
0.65,0.78,0.42,0.47,1.08,0.94,0.1,0.59,0.18,17472,7.326324462890625
0.65,0.78,0.41,0.47,1.08,0.94,0.1,0.59,0.17,17505,7.330652236938477
0.65,0.78,0.41,0.46,1.07,0.94,0.1,0.59,0.17,17224,7.334946632385254
0.65,0.77,0.41,0.46,1.07,0.94,0.1,0.59,0.17,16935,7.338235855102539
0.66,0.78,0.41,0.47,1.07,0.94,0.1,0.59,0.17,17224,7.338963985443115
0.66,0.78,0.41,0.46,1.07,0.94,0.1,0.58,0.17,17497,7.342963933944702
0.65,0.77,0.41,0.46,1.08,0.94,0.1,0.59,0.17,17736,7.3462440967559814
0.65,0.77,0.41,0.47,1.08,0.94,0.1,0.59,0.17,17619,7.35175633430481
0.66,0.78,0.42,0.46,1.08,0.94,0.1,0.59,0.17,16890,7.35175633430481
0.65,0.77,0.42,0.46,1.08,0.94,0.1,0.59,0.17,16393,7.354310750961304
0.65,0.78,0.41,0.47,1.07,0.94,0.1,0.59,0.17,16696,7.359363555908203
0.65,0.77,0.41,0.46,1.07,0.94,0.1,0.59,0.18,16907,7.363650798797607
0.65,0.78,0.41,0.46,1.08,0.94,0.1,0.59,0.17,17022,7.363650798797607
0.65,0.78,0.41,0.46,1.07,0.94,0.1,0.59,0.17,16851,7.367950201034546
0.65,0.78,0.41,0.47,1.08,0.94,0.1,0.59,0.17,16778,7.371074676513672
0.66,0.78,0.41,0.47,1.08,0.94,0.1,0.59,0.17,17037,7.375279426574707
0.66,0.78,0.42,0.46,1.08,0.94,0.1,0.59,0.17,17116,7.3762526512146
0.65,0.78,0.41,0.47,1.08,0.94,0.1,0.59,0.17,17219,7.379274606704712
0.65,0.78,0.42,0.46,1.08,0.94,0.1,0.59,0.18,17580,7.383760690689087
0.65,0.78,0.41,0.46,1.08,0.94,0.1,0.59,0.17,17187,7.387305974960327
0.65,0.78,0.41,0.46,1.08,0.94,0.1,0.59,0.17,17272,7.391517877578735
0.65,0.78,0.41,0.47,1.08,0.94,0.1,0.59,0.18,17755,7.392357587814331
0.65,0.78,0.41,0.46,1.07,0.94,0.1,0.59,0.17,17412,7.395969390869141
0.65,0.78,0.41,0.47,1.07,0.94,0.1,0.59,0.17,17145,7.400388956069946
0.65,0.78,0.42,0.47,1.07,0.94,0.1,0.59,0.17,17030,7.403738260269165
0.65,0.78,0.42,0.46,1.08,0.94,0.1,0.59,0.17,16867,7.404512405395508
0.65,0.78,0.41,0.47,1.08,0.94,0.1,0.59,0.17,17050,7.408962249755859
0.65,0.78,0.41,0.47,1.08,0.94,0.1,0.59,0.17,17017,7.412335634231567
0.65,0.78,0.41,0.46,1.07,0.94,0.1,0.59,0.17,16930,7.415784120559692
0.65,0.78,0.41,0.47,1.08,0.94,0.1,0.59,0.17,17643,7.416560173034668
0.65,0.78,0.41,0.47,1.08,0.94,0.09,0.59,0.17,17378,7.420543909072876
0.65,0.78,0.41,0.47,1.08,0.94,0.1,0.59,0.17,17151,7.424560785293579
0.65,0.78,0.41,0.47,1.08,0.94,0.1,0.59,0.17,17400,7.428566217422485
0.66,0.78,0.42,0.46,1.08,0.94,0.1,0.59,0.17,17505,7.429539680480957
0.65,0.78,0.41,0.47,1.08,0.94,0.1,0.59,0.17,17308,7.43221378326416
0.65,0.78,0.41,0.46,1.08,0.94,0.1,0.59,0.17,17397,7.43748927116394
0.65,0.77,0.41,0.47,1.08,0.94,0.1,0.59,0.17,17062,7.441489219665527
0.65,0.78,0.41,0.46,1.08,0.94,0.1,0.59,0.17,17351,7.441489219665527
0.65,0.78,0.41,0.46,1.08,0.94,0.1,0.59,0.17,17246,7.445489406585693
0.65,0.78,0.41,0.46,1.08,0.94,0.1,0.6,0.17,17573,7.449756860733032
0.65,0.78,0.42,0.46,1.08,0.94,0.1,0.59,0.17,17796,7.453757047653198
0.65,0.78,0.42,0.46,1.08,0.94,0.1,0.59,0.18,17649,7.453757047653198
0.65,0.78,0.41,0.46,1.08,0.94,0.1,0.59,0.17,17834,7.457735776901245
0.65,0.77,0.41,0.46,1.08,0.94,0.1,0.59,0.17,17793,7.461702108383179
0.65,0.78,0.41,0.46,1.08,0.94,0.1,0.59,0.17,17394,7.46509575843811
0.66,0.78,0.41,0.47,1.08,0.93,0.11,0.59,0.17,17175,7.469352722167969
0.65,0.78,0.41,0.47,1.08,0.94,0.1,0.59,0.17,17302,7.470141887664795
0.65,0.77,0.41,0.46,1.08,0.94,0.1,0.59,0.17,17287,7.473066329956055
0.66,0.78,0.41,0.46,1.08,0.94,0.1,0.59,0.17,16964,7.477881193161011
0.65,0.78,0.41,0.47,1.08,0.94,0.1,0.59,0.17,16855,7.481924057006836
0.65,0.78,0.41,0.47,1.08,0.94,0.1,0.59,0.17,17532,7.482940673828125
0.65,0.77,0.41,0.46,1.08,0.94,0.1,0.59,0.17,17427,7.485671043395996
0.65,0.77,0.41,0.46,1.08,0.94,0.1,0.59,0.17,17098,7.490330457687378
0.65,0.78,0.41,0.47,1.08,0.94,0.1,0.59,0.17,17237,7.4936394691467285
0.65,0.78,0.41,0.46,1.08,0.94,0.1,0.59,0.17,17146,7.49433970451355
0.65,0.78,0.41,0.47,1.08,0.94,0.1,0.59,0.17,17199,7.498338222503662
0.65,0.78,0.41,0.47,1.08,0.94,0.1,0.59,0.17,17616,7.502948045730591
0.65,0.78,0.41,0.47,1.08,0.94,0.1,0.59,0.17,17507,7.506286859512329
0.66,0.78,0.41,0.46,1.08,0.94,0.1,0.59,0.17,17438,7.506286859512329
0.65,0.77,0.42,0.47,1.08,0.94,0.1,0.59,0.17,17483,7.510763645172119
0.65,0.78,0.41,0.47,1.08,0.94,0.1,0.59,0.17,17548,7.514924049377441
0.65,0.78,0.41,0.46,1.08,0.94,0.1,0.59,0.17,17203,7.518887996673584
0.65,0.77,0.41,0.47,1.08,0.94,0.1,0.58,0.17,17076,7.518887996673584
0.65,0.77,0.41,0.47,1.08,0.94,0.1,0.59,0.17,17215,7.522899866104126
0.65,0.78,0.42,0.47,1.07,0.94,0.1,0.59,0.17,17364,7.526916027069092
0.65,0.78,0.42,0.46,1.08,0.94,0.1,0.59,0.17,17285,7.531249761581421
0.65,0.78,0.41,0.47,1.08,0.94,0.1,0.59,0.17,17186,7.534618377685547
0.65,0.78,0.41,0.46,1.08,0.94,0.1,0.59,0.17,17239,7.534618377685547
0.65,0.78,0.41,0.47,1.08,0.94,0.1,0.59,0.17,17246,7.5392632484436035
0.66,0.78,0.41,0.47,1.08,0.94,0.1,0.59,0.17,17387,7.54323673248291
0.65,0.78,0.41,0.47,1.08,0.94,0.1,0.59,0.18,16886,7.546920537948608
0.65,0.78,0.41,0.47,1.08,0.94,0.1,0.59,0.17,17441,7.547957897186279
0.65,0.77,0.42,0.47,1.08,0.94,0.1,0.59,0.18,17438,7.551642894744873
0.65,0.78,0.41,0.47,1.08,0.94,0.1,0.59,0.17,17709,7.555973768234253
0.65,0.77,0.41,0.47,1.08,0.94,0.1,0.59,0.17,17214,7.559491395950317
0.65,0.78,0.41,0.47,1.08,0.94,0.1,0.59,0.17,16821,7.559491395950317
0.65,0.78,0.42,0.47,1.08,0.94,0.1,0.59,0.17,17218,7.564256429672241
0.65,0.78,0.42,0.47,1.08,0.94,0.1,0.59,0.17,17319,7.567776679992676
0.65,0.78,0.42,0.47,1.07,0.94,0.1,0.59,0.17,17090,7.5719993114471436
0.65,0.78,0.41,0.47,1.08,0.94,0.1,0.59,0.17,16671,7.573009967803955
0.65,0.78,0.41,0.47,1.08,0.94,0.1,0.59,0.17,17246,7.576025009155273
0.64,0.79,0.42,0.47,1.08,0.94,0.1,0.59,0.17,17581,7.58001971244812
0.65,0.78,0.42,0.47,1.07,0.94,0.1,0.59,0.17,17092,7.5840771198272705
0.65,0.78,0.41,0.47,1.08,0.94,0.1,0.59,0.17,17383,7.585127592086792
0.65,0.78,0.42,0.47,1.08,0.94,0.1,0.59,0.17,17424,7.588419437408447
0.65,0.78,0.41,0.47,1.08,0.94,0.1,0.59,0.17,17451,7.592885971069336
0.65,0.78,0.41,0.47,1.08,0.94,0.1,0.58,0.17,17612,7.596885919570923
0.65,0.78,0.42,0.47,1.08,0.94,0.1,0.59,0.17,17335,7.600461483001709
0.65,0.78,0.41,0.46,1.08,0.94,0.1,0.59,0.17,17248,7.601463794708252
0.65,0.78,0.41,0.47,1.08,0.94,0.1,0.59,0.17,17281,7.604721784591675
0.65,0.78,0.41,0.47,1.08,0.94,0.1,0.59,0.17,17078,7.609773635864258
0.65,0.78,0.42,0.47,1.08,0.94,0.1,0.59,0.17,17259,7.612457990646362
0.65,0.78,0.42,0.47,1.08,0.94,0.1,0.59,0.17,17330,7.61350679397583
0.65,0.78,0.41,0.47,1.08,0.94,0.1,0.59,0.17,17519,7.617839813232422
0.65,0.78,0.41,0.47,1.08,0.94,0.1,0.59,0.17,17834,7.620911598205566
0.65,0.78,0.42,0.47,1.08,0.94,0.1,0.59,0.17,17413,7.624164819717407
0.64,0.78,0.41,0.47,1.08,0.94,0.1,0.58,0.17,16914,7.625231504440308
0.65,0.78,0.41,0.47,1.08,0.94,0.1,0.59,0.17,16957,7.629250526428223
0.65,0.78,0.41,0.47,1.08,0.95,0.1,0.58,0.17,17120,7.633743762969971
0.65,0.78,0.41,0.47,1.08,0.95,0.1,0.59,0.17,17071,7.636740446090698
0.64,0.78,0.42,0.47,1.08,0.94,0.1,0.58,0.17,16930,7.637723445892334
0.63,0.78,0.41,0.47,1.08,0.94,0.1,0.58,0.17,17019,7.641793251037598
0.64,0.78,0.42,0.47,1.08,0.94,0.1,0.58,0.17,17134,7.645368576049805
0.63,0.78,0.42,0.47,1.08,0.95,0.1,0.59,0.17,17617,7.650052785873413
0.63,0.78,0.42,0.47,1.08,0.94,0.1,0.58,0.17,17610,7.651079416275024
0.63,0.78,0.41,0.46,1.08,0.94,0.09,0.59,0.16,17403,7.653577089309692
0.64,0.78,0.41,0.47,1.07,0.94,0.1,0.59,0.17,16974,7.6586291790008545
0.65,0.78,0.41,0.47,1.08,0.95,0.1,0.59,0.17,17071,7.662263870239258
0.64,0.78,0.41,0.46,1.08,0.94,0.1,0.59,0.17,16920,7.66329026222229
0.64,0.78,0.41,0.47,1.08,0.95,0.1,0.59,0.17,17161,7.66566276550293
0.65,0.78,0.41,0.47,1.08,0.95,0.1,0.59,0.17,17220,7.670823335647583
0.64,0.78,0.41,0.47,1.08,0.94,0.1,0.59,0.17,17209,7.674820184707642
0.64,0.78,0.41,0.47,1.07,0.95,0.1,0.59,0.17,17452,7.678232431411743
0.64,0.78,0.41,0.47,1.08,0.94,0.09,0.59,0.17,17481,7.678232431411743
0.64,0.78,0.42,0.47,1.08,0.95,0.1,0.59,0.17,16948,7.682302474975586
0.65,0.78,0.42,0.47,1.08,0.95,0.1,0.59,0.17,17159,7.686299562454224
0.64,0.78,0.42,0.47,1.08,0.94,0.1,0.59,0.17,17520,7.690302848815918
0.64,0.78,0.41,0.46,1.08,0.95,0.1,0.59,0.17,17141,7.690302848815918
0.64,0.78,0.42,0.47,1.08,0.95,0.09,0.59,0.17,17194,7.6946001052856445
0.64,0.78,0.41,0.47,1.08,0.95,0.1,0.59,0.17,17061,7.698549747467041
0.64,0.78,0.42,0.47,1.08,0.94,0.1,0.59,0.17,17258,7.702565431594849
0.64,0.78,0.42,0.47,1.08,0.95,0.1,0.59,0.17,17519,7.703607797622681
0.64,0.78,0.41,0.47,1.08,0.94,0.09,0.59,0.17,17542,7.707010269165039
0.64,0.78,0.41,0.47,1.08,0.94,0.1,0.59,0.17,17229,7.711056709289551
0.64,0.78,0.41,0.47,1.08,0.94,0.1,0.59,0.17,17678,7.715057134628296
0.63,0.78,0.41,0.47,1.07,0.94,0.09,0.59,0.17,18055,7.716053247451782
0.64,0.78,0.41,0.47,1.08,0.94,0.1,0.59,0.17,17670,7.719057083129883
0.64,0.78,0.42,0.47,1.07,0.94,0.09,0.59,0.17,17129,7.724027395248413
0.64,0.78,0.41,0.46,1.08,0.94,0.1,0.59,0.17,17272,7.728057622909546
0.64,0.78,0.42,0.47,1.07,0.94,0.1,0.59,0.17,17585,7.728057622909546
0.64,0.78,0.42,0.47,1.07,0.94,0.1,0.59,0.17,17694,7.732599973678589
0.63,0.78,0.42,0.47,1.08,0.94,0.09,0.59,0.17,17391,7.735607862472534
0.64,0.78,0.42,0.47,1.07,0.94,0.1,0.59,0.17,17264,7.739151954650879
0.64,0.78,0.42,0.47,1.08,0.94,0.09,0.59,0.17,17233,7.743821382522583
0.64,0.78,0.41,0.47,1.08,0.94,0.1,0.59,0.17,16884,7.744878768920898
0.64,0.78,0.41,0.47,1.08,0.94,0.1,0.58,0.17,17271,7.748309850692749
0.64,0.78,0.42,0.47,1.08,0.94,0.1,0.58,0.17,17926,7.75233268737793
0.64,0.78,0.41,0.47,1.08,0.94,0.1,0.59,0.17,17343,7.756532907485962
0.63,0.78,0.41,0.47,1.08,0.94,0.1,0.58,0.17,17214,7.756532907485962
0.63,0.78,0.41,0.46,1.07,0.94,0.09,0.58,0.17,17047,7.760565996170044
0.64,0.78,0.41,0.46,1.08,0.94,0.09,0.58,0.17,17144,7.765625953674316
0.64,0.78,0.41,0.47,1.08,0.94,0.09,0.58,0.17,17389,7.768822193145752
0.64,0.78,0.42,0.46,1.08,0.94,0.09,0.59,0.17,17274,7.768822193145752
0.64,0.78,0.41,0.47,1.08,0.94,0.09,0.59,0.17,17223,7.772436618804932
0.64,0.78,0.41,0.46,1.08,0.94,0.1,0.58,0.17,17076,7.777277708053589
0.64,0.78,0.41,0.46,1.08,0.94,0.09,0.59,0.17,16947,7.780542612075806
0.64,0.78,0.41,0.47,1.08,0.94,0.09,0.59,0.17,16746,7.781277656555176
0.64,0.78,0.41,0.47,1.08,0.94,0.09,0.58,0.17,16595,7.78529167175293
0.64,0.78,0.42,0.47,1.08,0.94,0.1,0.58,0.17,17176,7.7887609004974365
0.64,0.78,0.42,0.47,1.08,0.94,0.09,0.59,0.17,17389,7.793973445892334
0.63,0.77,0.41,0.46,1.08,0.94,0.1,0.58,0.17,17404,7.794025897979736
0.64,0.78,0.41,0.46,1.08,0.94,0.09,0.58,0.17,17519,7.797451734542847
0.63,0.78,0.41,0.47,1.07,0.94,0.1,0.59,0.17,17448,7.801435708999634
0.64,0.78,0.41,0.47,1.07,0.94,0.1,0.59,0.17,17189,7.805479049682617
0.64,0.78,0.41,0.47,1.07,0.94,0.09,0.59,0.17,16798,7.809041738510132
0.64,0.78,0.41,0.46,1.07,0.94,0.09,0.59,0.17,17045,7.809041738510132
0.64,0.78,0.41,0.46,1.07,0.94,0.1,0.59,0.17,17162,7.81369686126709
0.64,0.78,0.41,0.47,1.07,0.94,0.1,0.59,0.17,17565,7.817241668701172
0.64,0.78,0.41,0.47,1.07,0.94,0.1,0.59,0.17,17462,7.82127571105957
0.64,0.78,0.41,0.47,1.07,0.94,0.1,0.59,0.17,17365,7.8222479820251465
0.64,0.78,0.41,0.47,1.07,0.94,0.1,0.59,0.17,16810,7.826275825500488
0.63,0.78,0.42,0.46,1.07,0.94,0.1,0.59,0.17,16939,7.830969572067261
0.64,0.78,0.41,0.47,1.07,0.94,0.1,0.59,0.17,16846,7.833965063095093
0.64,0.78,0.41,0.47,1.07,0.94,0.1,0.59,0.17,17195,7.834976434707642
0.64,0.78,0.41,0.47,1.07,0.94,0.1,0.59,0.17,17638,7.837973594665527
0.63,0.78,0.41,0.47,1.07,0.94,0.1,0.59,0.17,17575,7.84302020072937
0.64,0.78,0.41,0.47,1.07,0.94,0.1,0.59,0.16,17554,7.846274375915527
0.64,0.78,0.41,0.47,1.07,0.94,0.1,0.59,0.17,17513,7.846274375915527
0.64,0.78,0.41,0.46,1.07,0.94,0.1,0.58,0.17,17136,7.850735187530518
0.64,0.78,0.41,0.47,1.07,0.94,0.1,0.59,0.17,17405,7.854736328125
0.64,0.78,0.41,0.47,1.08,0.94,0.1,0.59,0.17,17778,7.858736038208008
0.64,0.78,0.42,0.47,1.08,0.94,0.1,0.59,0.17,17145,7.858736038208008
0.64,0.78,0.42,0.47,1.08,0.94,0.09,0.59,0.17,17088,7.863607406616211
0.64,0.78,0.42,0.47,1.08,0.94,0.1,0.59,0.17,16769,7.867796897888184
0.64,0.78,0.42,0.47,1.08,0.94,0.09,0.59,0.17,16638,7.870897054672241
0.64,0.78,0.42,0.47,1.07,0.95,0.1,0.59,0.17,16699,7.871903419494629
0.64,0.78,0.42,0.47,1.07,0.94,0.1,0.59,0.17,17132,7.874903678894043
0.64,0.78,0.41,0.47,1.07,0.94,0.09,0.59,0.17,17447,7.879482984542847
0.64,0.78,0.41,0.47,1.07,0.94,0.1,0.59,0.17,17404,7.883482456207275
0.64,0.78,0.41,0.47,1.07,0.95,0.1,0.59,0.17,17233,7.886742830276489
0.64,0.78,0.41,0.47,1.07,0.95,0.1,0.59,0.17,17140,7.8874828815460205
0.64,0.78,0.41,0.47,1.08,0.95,0.09,0.59,0.17,17029,7.891482591629028
0.64,0.78,0.42,0.47,1.08,0.94,0.1,0.59,0.17,16766,7.89552640914917
0.64,0.78,0.41,0.47,1.07,0.94,0.1,0.59,0.17,17127,7.898885250091553
0.63,0.78,0.41,0.47,1.08,0.94,0.1,0.59,0.17,17732,7.900127649307251
0.63,0.78,0.42,0.46,1.08,0.94,0.1,0.59,0.17,17743,7.903632402420044
0.64,0.78,0.41,0.46,1.08,0.94,0.1,0.59,0.17,17286,7.907471179962158
0.64,0.78,0.41,0.47,1.08,0.94,0.1,0.59,0.17,17263,7.911574602127075
0.63,0.78,0.42,0.47,1.07,0.94,0.1,0.59,0.17,16962,7.9122114181518555
0.64,0.78,0.41,0.47,1.08,0.94,0.1,0.59,0.17,16965,7.916211128234863
0.64,0.78,0.41,0.47,1.08,0.94,0.1,0.59,0.17,16902,7.920225381851196
0.64,0.78,0.41,0.47,1.08,0.94,0.1,0.59,0.17,16637,7.923955202102661
0.64,0.78,0.42,0.47,1.08,0.94,0.1,0.59,0.17,16536,7.925038576126099
0.64,0.78,0.41,0.46,1.08,0.94,0.1,0.59,0.16,17197,7.928001165390015
0.64,0.78,0.41,0.46,1.07,0.94,0.1,0.59,0.17,17254,7.932429790496826
0.64,0.78,0.42,0.47,1.08,0.95,0.09,0.59,0.17,17057,7.935911417007446
0.65,0.78,0.41,0.47,1.08,0.94,0.09,0.59,0.17,17294,7.9368896484375
0.64,0.78,0.41,0.47,1.08,0.94,0.09,0.59,0.17,17295,7.940205335617065
0.63,0.78,0.41,0.47,1.08,0.94,0.09,0.59,0.17,17128,7.944461822509766
0.64,0.78,0.41,0.47,1.08,0.94,0.1,0.59,0.18,17079,7.949684143066406
0.64,0.78,0.42,0.46,1.07,0.94,0.1,0.59,0.17,17292,7.951913356781006
0.64,0.78,0.41,0.47,1.07,0.95,0.1,0.59,0.17,17247,7.952696800231934
0.64,0.78,0.42,0.47,1.08,0.94,0.09,0.59,0.17,17140,7.957857131958008
0.63,0.78,0.42,0.46,1.08,0.94,0.1,0.59,0.17,16899,7.960833549499512
0.64,0.78,0.42,0.46,1.07,0.94,0.1,0.59,0.17,17082,7.964932918548584
0.64,0.78,0.41,0.47,1.08,0.94,0.1,0.59,0.17,17089,7.965885162353516
0.64,0.78,0.41,0.47,1.07,0.95,0.1,0.58,0.17,17416,7.969231605529785
0.64,0.78,0.41,0.47,1.07,0.95,0.1,0.59,0.17,17399,7.973552465438843
0.64,0.78,0.41,0.47,1.07,0.95,0.1,0.59,0.17,17132,7.977180004119873
0.64,0.78,0.41,0.47,1.07,0.95,0.1,0.59,0.17,17347,7.977180004119873
0.64,0.78,0.42,0.47,1.07,0.95,0.1,0.59,0.17,17468,7.981302499771118
0.64,0.78,0.41,0.47,1.08,0.94,0.1,0.59,0.17,17053,7.986187219619751
0.64,0.78,0.41,0.47,1.08,0.94,0.1,0.59,0.17,17170,7.989326238632202
0.64,0.78,0.41,0.47,1.07,0.95,0.1,0.59,0.17,17293,7.989326238632202
0.64,0.78,0.42,0.47,1.07,0.95,0.1,0.59,0.17,17248,7.993975400924683
0.63,0.78,0.41,0.46,1.07,0.95,0.1,0.59,0.17,16649,7.998019456863403
0.64,0.78,0.42,0.47,1.07,0.95,0.1,0.58,0.17,16434,8.000991344451904
0.64,0.78,0.41,0.47,1.07,0.95,0.1,0.59,0.17,16939,8.001991271972656
0.64,0.78,0.42,0.46,1.08,0.95,0.1,0.59,0.17,17094,8.0061616897583
0.64,0.78,0.41,0.47,1.07,0.95,0.1,0.59,0.17,17401,8.010161638259888
0.64,0.78,0.41,0.47,1.07,0.95,0.1,0.59,0.17,17952,8.014391660690308
0.64,0.78,0.41,0.47,1.08,0.95,0.1,0.59,0.17,17677,8.014391660690308
0.64,0.78,0.41,0.47,1.07,0.95,0.1,0.59,0.17,17378,8.018227815628052
0.64,0.78,0.42,0.47,1.07,0.94,0.1,0.59,0.17,17287,8.02251672744751
0.64,0.78,0.41,0.47,1.07,0.95,0.1,0.59,0.17,17086,8.02648663520813
0.64,0.78,0.41,0.47,1.07,0.94,0.1,0.59,0.17,17491,8.02948546409607
0.64,0.78,0.41,0.47,1.07,0.95,0.1,0.59,0.17,17294,8.030481576919556
0.64,0.78,0.41,0.47,1.07,0.94,0.1,0.58,0.17,16917,8.035486698150635
0.64,0.78,0.41,0.47,1.07,0.95,0.1,0.59,0.17,16996,8.038516283035278
0.64,0.78,0.41,0.47,1.07,0.95,0.1,0.59,0.17,16999,8.042604207992554
0.64,0.78,0.42,0.47,1.08,0.94,0.1,0.59,0.18,16950,8.043631553649902
0.64,0.78,0.41,0.47,1.07,0.94,0.1,0.59,0.17,17335,8.046618700027466
0.63,0.78,0.41,0.46,1.07,0.94,0.1,0.58,0.17,17504,8.05043625831604
0.64,0.78,0.41,0.47,1.07,0.94,0.1,0.59,0.17,17277,8.054620265960693
0.64,0.78,0.41,0.47,1.07,0.94,0.1,0.59,0.17,17254,8.054620265960693
0.64,0.78,0.41,0.47,1.07,0.94,0.1,0.59,0.17,17343,8.059619903564453
0.64,0.78,0.42,0.47,1.07,0.94,0.1,0.59,0.18,17344,8.063620567321777
0.64,0.78,0.41,0.46,1.07,0.94,0.09,0.59,0.17,17501,8.067178964614868
0.64,0.78,0.41,0.46,1.07,0.94,0.1,0.59,0.17,17452,8.06817364692688
0.64,0.78,0.42,0.46,1.07,0.94,0.1,0.59,0.17,18015,8.07117772102356
0.64,0.78,0.41,0.46,1.07,0.94,0.1,0.58,0.17,17798,8.075356721878052
0.63,0.78,0.41,0.46,1.07,0.94,0.09,0.59,0.17,17695,8.079373121261597
0.64,0.78,0.41,0.47,1.07,0.94,0.1,0.58,0.17,17220,8.079373121261597
0.64,0.78,0.42,0.46,1.07,0.94,0.09,0.59,0.17,16881,8.083722114562988
0.64,0.78,0.41,0.46,1.08,0.94,0.1,0.59,0.18,16720,8.087759733200073
0.64,0.78,0.42,0.46,1.08,0.94,0.1,0.59,0.17,17255,8.091754674911499
0.64,0.78,0.42,0.47,1.07,0.94,0.1,0.59,0.17,17404,8.092767238616943
0.65,0.78,0.42,0.46,1.07,0.94,0.09,0.58,0.17,16745,8.09575605392456
0.64,0.78,0.41,0.47,1.07,0.94,0.1,0.58,0.17,16746,8.099940299987793
0.64,0.78,0.42,0.46,1.07,0.95,0.09,0.58,0.17,17123,8.10393214225769
0.64,0.78,0.42,0.47,1.07,0.95,0.09,0.58,0.18,17156,8.107932090759277
0.64,0.78,0.41,0.46,1.07,0.94,0.09,0.58,0.17,17313,8.108943939208984
0.64,0.79,0.42,0.46,1.08,0.95,0.09,0.58,0.17,17162,8.112024784088135
0.64,0.78,0.42,0.46,1.07,0.95,0.1,0.58,0.17,17513,8.116364479064941
0.64,0.78,0.42,0.46,1.07,0.94,0.1,0.58,0.17,17296,8.120655536651611
0.64,0.78,0.41,0.46,1.07,0.95,0.1,0.58,0.17,16973,8.120655536651611
0.64,0.78,0.42,0.46,1.07,0.94,0.1,0.58,0.17,16996,8.125724792480469
0.63,0.78,0.42,0.47,1.07,0.94,0.1,0.58,0.17,17079,8.12979507446289
0.64,0.78,0.41,0.46,1.07,0.95,0.1,0.58,0.17,17276,8.13245439529419
0.64,0.78,0.42,0.46,1.07,0.95,0.1,0.59,0.17,17415,8.133524894714355
0.64,0.78,0.41,0.46,1.07,0.94,0.1,0.59,0.17,17332,8.137973308563232
0.64,0.78,0.41,0.46,1.07,0.94,0.1,0.59,0.17,16985,8.141408205032349
0.64,0.78,0.42,0.46,1.07,0.95,0.1,0.59,0.18,16956,8.145459651947021
0.64,0.78,0.41,0.46,1.07,0.95,0.1,0.59,0.17,17397,8.146438360214233
0.64,0.78,0.42,0.46,1.07,0.94,0.1,0.59,0.17,17412,8.149740934371948
0.64,0.78,0.42,0.46,1.07,0.94,0.1,0.59,0.17,17331,8.153459548950195
0.64,0.78,0.42,0.46,1.07,0.94,0.1,0.59,0.17,17180,8.158684253692627
0.64,0.78,0.41,0.46,1.07,0.95,0.1,0.58,0.17,17229,8.158684253692627
0.64,0.78,0.41,0.46,1.07,0.95,0.1,0.59,0.17,17326,8.16201114654541
0.64,0.78,0.41,0.46,1.07,0.95,0.1,0.59,0.17,17327,8.166754961013794
0.64,0.78,0.41,0.46,1.07,0.95,0.1,0.59,0.17,16940,8.169822216033936
0.64,0.78,0.41,0.46,1.07,0.95,0.1,0.59,0.17,16635,8.170878887176514
0.63,0.78,0.41,0.46,1.07,0.94,0.1,0.59,0.17,16728,8.174899101257324
0.64,0.78,0.41,0.46,1.07,0.95,0.1,0.59,0.17,17203,8.178372621536255
0.64,0.78,0.41,0.47,1.07,0.95,0.1,0.59,0.17,17660,8.18235158920288
0.64,0.78,0.41,0.46,1.07,0.95,0.1,0.59,0.17,17605,8.183351039886475
0.64,0.78,0.41,0.47,1.07,0.94,0.1,0.59,0.17,17630,8.186351776123047
0.64,0.78,0.41,0.46,1.07,0.95,0.1,0.59,0.18,17045,8.190367460250854
0.64,0.78,0.41,0.46,1.07,0.94,0.1,0.59,0.17,17076,8.194456577301025
0.64,0.78,0.41,0.46,1.07,0.94,0.1,0.59,0.17,17279,8.198508262634277
0.64,0.78,0.42,0.46,1.07,0.95,0.1,0.59,0.17,17152,8.198508262634277
0.64,0.78,0.42,0.46,1.07,0.94,0.1,0.58,0.17,17169,8.202649593353271
0.64,0.78,0.42,0.47,1.07,0.94,0.1,0.59,0.18,17088,8.20663070678711
0.64,0.78,0.42,0.47,1.07,0.94,0.1,0.58,0.17,17093,8.210574388504028
0.63,0.78,0.42,0.46,1.07,0.94,0.1,0.59,0.17,17294,8.211621284484863
0.64,0.78,0.42,0.47,1.07,0.94,0.1,0.59,0.17,17357,8.214608192443848
0.64,0.78,0.41,0.47,1.07,0.94,0.1,0.59,0.17,17008,8.218999147415161
0.64,0.79,0.42,0.47,1.07,0.94,0.1,0.59,0.17,16903,8.222997426986694
0.64,0.78,0.42,0.47,1.07,0.94,0.1,0.59,0.17,16898,8.223995208740234
0.64,0.78,0.41,0.47,1.07,0.94,0.1,0.58,0.17,17329,8.226997375488281
0.64,0.78,0.42,0.46,1.07,0.95,0.1,0.59,0.17,17940,8.231066226959229
0.64,0.78,0.42,0.47,1.08,0.95,0.09,0.58,0.17,17761,8.235054731369019
0.64,0.79,0.42,0.46,1.07,0.95,0.09,0.58,0.17,17584,8.235054731369019
0.64,0.78,0.41,0.47,1.07,0.95,0.1,0.59,0.17,17215,8.239064455032349
0.64,0.79,0.41,0.47,1.07,0.94,0.1,0.59,0.17,16762,8.243070125579834
0.64,0.79,0.41,0.47,1.07,0.94,0.1,0.59,0.17,16649,8.248070001602173
0.65,0.78,0.42,0.47,1.07,0.94,0.1,0.58,0.17,17336,8.248070001602173
0.64,0.79,0.41,0.46,1.07,0.94,0.1,0.59,0.17,17339,8.251072883605957
0.64,0.78,0.41,0.46,1.07,0.95,0.1,0.58,0.17,17290,8.25547981262207
0.64,0.78,0.42,0.47,1.07,0.94,0.1,0.58,0.17,17329,8.260126829147339
0.65,0.78,0.42,0.46,1.08,0.94,0.1,0.58,0.17,17138,8.261118650436401
0.64,0.78,0.42,0.46,1.07,0.94,0.1,0.59,0.17,17035,8.26364278793335
0.64,0.78,0.42,0.47,1.07,0.94,0.1,0.59,0.17,17080,8.267446041107178
0.65,0.78,0.42,0.46,1.07,0.95,0.1,0.58,0.17,16743,8.272534132003784
0.65,0.78,0.42,0.46,1.07,0.94,0.1,0.58,0.17,16868,8.27583909034729
0.64,0.78,0.42,0.47,1.07,0.94,0.1,0.58,0.17,17177,8.277007818222046
0.64,0.78,0.42,0.47,1.07,0.94,0.1,0.59,0.17,17108,8.2805757522583
0.65,0.78,0.42,0.46,1.07,0.94,0.1,0.59,0.18,16921,8.283954381942749
0.64,0.78,0.42,0.47,1.07,0.94,0.1,0.59,0.17,17012,8.288325309753418
0.65,0.78,0.42,0.46,1.07,0.94,0.1,0.59,0.17,16887,8.288963556289673
0.65,0.78,0.42,0.46,1.07,0.94,0.1,0.59,0.17,16830,8.292980432510376
0.64,0.78,0.42,0.46,1.07,0.94,0.1,0.59,0.17,17195,8.29697871208191
0.65,0.78,0.42,0.46,1.07,0.94,0.1,0.59,0.17,17404,8.300984382629395
0.65,0.78,0.42,0.46,1.07,0.95,0.1,0.59,0.17,17285,8.300984382629395
0.64,0.78,0.42,0.46,1.07,0.95,0.1,0.59,0.17,17128,8.304982423782349
0.64,0.78,0.42,0.46,1.07,0.94,0.1,0.59,0.17,16855,8.309013605117798
0.64,0.78,0.42,0.46,1.07,0.95,0.1,0.59,0.17,17170,8.312950849533081
0.64,0.78,0.42,0.47,1.07,0.95,0.1,0.58,0.17,17551,8.31398892402649
0.64,0.78,0.42,0.47,1.07,0.94,0.1,0.59,0.17,17576,8.316985368728638
0.64,0.78,0.42,0.46,1.07,0.94,0.09,0.59,0.17,17233,8.321056127548218
0.64,0.78,0.42,0.46,1.07,0.94,0.1,0.59,0.17,17166,8.32507610321045
0.64,0.79,0.42,0.46,1.07,0.95,0.1,0.59,0.17,17237,8.326072454452515
0.65,0.78,0.42,0.46,1.07,0.95,0.1,0.59,0.17,17154,8.329240083694458
0.64,0.78,0.42,0.46,1.07,0.94,0.1,0.58,0.17,17077,8.333364963531494
0.64,0.78,0.42,0.46,1.07,0.95,0.1,0.59,0.17,17108,8.338365077972412
0.64,0.78,0.42,0.46,1.07,0.94,0.1,0.58,0.17,16961,8.338365077972412
0.64,0.78,0.42,0.47,1.07,0.94,0.1,0.58,0.17,17378,8.342078447341919
0.65,0.78,0.42,0.47,1.07,0.95,0.1,0.59,0.17,17445,8.346105813980103
0.65,0.78,0.41,0.47,1.07,0.94,0.1,0.58,0.17,17554,8.350861310958862
0.64,0.78,0.42,0.46,1.07,0.94,0.1,0.58,0.17,17183,8.354073762893677
0.65,0.79,0.42,0.47,1.07,0.94,0.1,0.59,0.17,17012,8.354860782623291
0.65,0.78,0.42,0.47,1.07,0.94,0.1,0.58,0.17,17135,8.358330965042114
0.65,0.78,0.42,0.47,1.07,0.94,0.09,0.58,0.17,17288,8.362343311309814
0.64,0.78,0.42,0.47,1.07,0.94,0.1,0.59,0.17,17027,8.367587089538574
0.65,0.78,0.42,0.46,1.07,0.94,0.1,0.59,0.17,17128,8.367587089538574
0.64,0.78,0.42,0.46,1.07,0.95,0.1,0.58,0.17,17227,8.370591878890991
0.65,0.78,0.42,0.46,1.06,0.94,0.1,0.59,0.17,17422,8.375696659088135
0.65,0.78,0.42,0.46,1.07,0.94,0.1,0.58,0.17,17351,8.378750562667847
0.65,0.79,0.42,0.47,1.06,0.94,0.1,0.59,0.17,17040,8.379696369171143
0.65,0.78,0.42,0.46,1.07,0.94,0.1,0.59,0.18,17141,8.383171319961548
0.65,0.78,0.42,0.46,1.07,0.94,0.1,0.58,0.17,17360,8.3872549533844
0.65,0.78,0.42,0.47,1.07,0.94,0.09,0.58,0.17,17243,8.392136573791504
0.65,0.78,0.42,0.47,1.07,0.94,0.1,0.58,0.17,16792,8.392136573791504
0.64,0.78,0.42,0.47,1.06,0.94,0.1,0.58,0.17,16951,8.395974159240723
0.64,0.78,0.42,0.46,1.07,0.94,0.1,0.58,0.17,16924,8.399906396865845
0.65,0.78,0.42,0.47,1.07,0.94,0.1,0.59,0.17,16991,8.402926683425903
0.65,0.78,0.42,0.47,1.07,0.94,0.1,0.58,0.17,16982,8.403897047042847
0.65,0.78,0.42,0.47,1.07,0.94,0.1,0.59,0.17,17027,8.407325267791748
0.65,0.78,0.42,0.47,1.07,0.94,0.1,0.58,0.17,17060,8.411303281784058
0.65,0.78,0.42,0.46,1.07,0.95,0.1,0.58,0.17,17571,8.415533065795898
0.64,0.78,0.42,0.46,1.07,0.94,0.1,0.59,0.17,17368,8.41976284980774
0.64,0.78,0.42,0.47,1.07,0.95,0.1,0.58,0.18,16551,8.420794010162354
0.64,0.79,0.42,0.46,1.07,0.94,0.1,0.58,0.17,17078,8.424746990203857
0.65,0.78,0.42,0.46,1.07,0.94,0.09,0.58,0.17,17089,8.42874264717102
0.65,0.78,0.42,0.47,1.07,0.95,0.09,0.58,0.17,16934,8.43191409111023
0.65,0.78,0.42,0.47,1.07,0.95,0.1,0.58,0.17,17045,8.432814359664917
0.64,0.78,0.42,0.47,1.07,0.94,0.1,0.58,0.17,17220,8.436821937561035
0.64,0.78,0.42,0.46,1.07,0.95,0.09,0.58,0.18,17061,8.440821647644043
0.65,0.78,0.42,0.47,1.06,0.94,0.1,0.58,0.17,16906,8.444289207458496
0.65,0.78,0.42,0.47,1.07,0.94,0.1,0.58,0.18,17321,8.445334434509277
0.64,0.79,0.42,0.47,1.07,0.94,0.1,0.59,0.17,17548,8.448330402374268
0.65,0.79,0.42,0.47,1.07,0.95,0.1,0.58,0.17,17347,8.452517747879028
0.65,0.79,0.42,0.47,1.07,0.95,0.1,0.58,0.17,17378,8.45682668685913
0.65,0.79,0.42,0.47,1.07,0.94,0.1,0.58,0.17,17161,8.45682668685913
0.65,0.78,0.41,0.47,1.07,0.95,0.1,0.58,0.17,17070,8.460826635360718
0.65,0.79,0.42,0.47,1.07,0.95,0.1,0.58,0.17,16799,8.465388298034668
0.65,0.79,0.42,0.47,1.07,0.94,0.1,0.58,0.17,16500,8.469434022903442
0.65,0.79,0.42,0.47,1.07,0.95,0.1,0.58,0.17,16939,8.469434022903442
0.65,0.78,0.42,0.47,1.07,0.94,0.1,0.58,0.17,17150,8.473960638046265
0.64,0.78,0.42,0.47,1.07,0.94,0.1,0.59,0.17,17177,8.477912425994873
0.64,0.79,0.42,0.47,1.06,0.94,0.1,0.58,0.17,17342,8.481350421905518
0.64,0.78,0.42,0.47,1.07,0.95,0.1,0.58,0.17,17051,8.485341787338257
0.65,0.78,0.42,0.47,1.07,0.95,0.1,0.58,0.17,16880,8.485341787338257
0.65,0.78,0.42,0.46,1.07,0.95,0.1,0.59,0.17,17133,8.489228010177612
0.64,0.78,0.42,0.46,1.07,0.95,0.1,0.58,0.17,17078,8.493499517440796
0.65,0.79,0.42,0.47,1.07,0.94,0.1,0.58,0.17,17439,8.497581481933594
0.65,0.79,0.42,0.47,1.07,0.94,0.1,0.59,0.17,17354,8.497581481933594
0.64,0.78,0.42,0.47,1.07,0.94,0.1,0.59,0.17,17211,8.501583814620972
0.65,0.78,0.42,0.47,1.07,0.95,0.09,0.58,0.17,17006,8.506994485855103
0.65,0.78,0.42,0.47,1.07,0.95,0.1,0.58,0.17,17315,8.509064435958862
0.65,0.79,0.42,0.47,1.07,0.95,0.1,0.58,0.17,17518,8.510114192962646
0.64,0.78,0.42,0.47,1.07,0.95,0.1,0.58,0.17,17191,8.514312028884888
0.65,0.78,0.42,0.47,1.07,0.95,0.1,0.58,0.17,17228,8.517862319946289
0.64,0.78,0.42,0.47,1.07,0.95,0.1,0.59,0.17,17571,8.52213978767395
0.64,0.78,0.42,0.47,1.07,0.94,0.1,0.58,0.17,17514,8.523115634918213
0.64,0.78,0.42,0.47,1.07,0.95,0.1,0.58,0.17,17363,8.525811672210693
0.64,0.78,0.42,0.46,1.07,0.95,0.1,0.58,0.17,17306,8.53085470199585
0.64,0.79,0.42,0.47,1.07,0.95,0.1,0.58,0.17,17323,8.534854888916016
0.65,0.78,0.42,0.47,1.07,0.94,0.1,0.58,0.17,17096,8.534854888916016
0.65,0.78,0.42,0.46,1.07,0.95,0.1,0.58,0.17,17107,8.53885293006897
0.64,0.79,0.42,0.46,1.07,0.95,0.1,0.58,0.17,16814,8.54223895072937
0.65,0.78,0.42,0.47,1.07,0.95,0.1,0.58,0.17,17045,8.54699158668518
0.64,0.78,0.42,0.47,1.07,0.95,0.1,0.58,0.17,17232,8.548012256622314
0.64,0.78,0.42,0.47,1.07,0.95,0.1,0.58,0.17,17915,8.551023244857788
0.64,0.78,0.42,0.47,1.07,0.95,0.1,0.58,0.17,18208,8.554457664489746
0.65,0.78,0.42,0.47,1.06,0.95,0.1,0.58,0.17,17947,8.558724164962769
0.64,0.79,0.42,0.47,1.07,0.95,0.1,0.59,0.17,17496,8.56276249885559
0.64,0.78,0.42,0.46,1.07,0.95,0.1,0.58,0.17,17111,8.56276249885559
0.65,0.78,0.42,0.46,1.07,0.94,0.1,0.58,0.17,16838,8.566840887069702
0.65,0.78,0.42,0.47,1.07,0.94,0.1,0.58,0.17,16943,8.571842670440674
0.65,0.78,0.42,0.46,1.07,0.94,0.1,0.58,0.17,17150,8.574985265731812
0.65,0.78,0.42,0.47,1.07,0.94,0.1,0.58,0.17,17265,8.576018571853638
0.65,0.78,0.41,0.47,1.07,0.94,0.1,0.58,0.17,17178,8.579344749450684
0.65,0.78,0.41,0.47,1.07,0.95,0.1,0.58,0.17,17555,8.583667993545532
0.65,0.78,0.42,0.46,1.08,0.94,0.1,0.58,0.17,17320,8.58729100227356
0.65,0.78,0.42,0.47,1.07,0.95,0.1,0.58,0.17,17203,8.587790727615356
0.65,0.78,0.42,0.46,1.07,0.94,0.1,0.58,0.17,17224,8.591384649276733
0.65,0.78,0.42,0.47,1.07,0.94,0.1,0.58,0.17,17151,8.595644235610962
0.65,0.78,0.41,0.47,1.07,0.95,0.1,0.58,0.17,17242,8.599948167800903
0.65,0.78,0.41,0.47,1.08,0.95,0.1,0.58,0.17,17001,8.600998640060425
0.64,0.78,0.41,0.46,1.08,0.94,0.1,0.58,0.17,16942,8.603999853134155
0.65,0.78,0.42,0.47,1.08,0.94,0.1,0.58,0.17,16667,8.607803344726562
0.64,0.78,0.41,0.46,1.07,0.94,0.1,0.58,0.17,17302,8.61191725730896
0.64,0.78,0.42,0.46,1.07,0.95,0.1,0.58,0.17,17737,8.612962245941162
0.65,0.78,0.42,0.46,1.08,0.95,0.1,0.58,0.17,17612,8.616241455078125
0.65,0.78,0.42,0.46,1.08,0.94,0.1,0.58,0.17,17545,8.620262384414673
0.64,0.78,0.41,0.46,1.08,0.95,0.1,0.58,0.17,17096,8.62426233291626
0.65,0.78,0.41,0.47,1.08,0.95,0.09,0.58,0.17,16821,8.628230333328247
0.64,0.78,0.41,0.46,1.08,0.95,0.09,0.59,0.17,17206,8.628230333328247
0.64,0.78,0.41,0.47,1.07,0.95,0.1,0.59,0.17,17277,8.63241457939148
0.64,0.78,0.42,0.47,1.07,0.95,0.1,0.59,0.17,17430,8.637079238891602
0.65,0.79,0.42,0.47,1.07,0.95,0.1,0.58,0.17,17139,8.641193389892578
0.64,0.79,0.42,0.47,1.07,0.94,0.1,0.59,0.17,16898,8.642182350158691
0.64,0.78,0.42,0.47,1.07,0.95,0.1,0.58,0.17,17181,8.644195079803467
0.65,0.79,0.41,0.47,1.07,0.95,0.1,0.59,0.17,17402,8.64923357963562
0.65,0.79,0.41,0.47,1.07,0.95,0.1,0.59,0.17,17359,8.652245998382568
0.65,0.78,0.41,0.47,1.07,0.94,0.1,0.58,0.17,17070,8.653242588043213
0.65,0.78,0.41,0.47,1.07,0.95,0.09,0.58,0.17,17167,8.657246112823486
0.65,0.78,0.41,0.47,1.07,0.95,0.1,0.58,0.17,16896,8.661247730255127
0.64,0.78,0.41,0.46,1.08,0.95,0.09,0.58,0.17,16833,8.664751768112183
0.65,0.78,0.41,0.47,1.07,0.95,0.1,0.58,0.17,16984,8.665775060653687
0.65,0.78,0.41,0.47,1.07,0.95,0.1,0.58,0.17,17219,8.669831991195679
0.64,0.78,0.41,0.47,1.07,0.95,0.09,0.59,0.17,17474,8.673868656158447
0.65,0.78,0.41,0.47,1.07,0.95,0.1,0.59,0.17,17007,8.677438974380493
0.65,0.78,0.41,0.46,1.07,0.95,0.1,0.59,0.17,17130,8.677438974380493
0.64,0.78,0.41,0.46,1.07,0.95,0.1,0.59,0.17,17327,8.681469678878784
0.64,0.78,0.41,0.46,1.07,0.95,0.09,0.59,0.17,17454,8.686477184295654
0.65,0.78,0.41,0.47,1.08,0.95,0.1,0.59,0.17,17343,8.68946886062622
0.65,0.78,0.41,0.46,1.08,0.95,0.1,0.59,0.17,17268,8.690479755401611
0.65,0.78,0.42,0.46,1.07,0.95,0.1,0.59,0.17,17491,8.69369649887085
0.65,0.78,0.41,0.47,1.07,0.95,0.1,0.59,0.17,17968,8.697667121887207
0.64,0.78,0.41,0.47,1.07,0.95,0.1,0.58,0.17,17409,8.702802181243896
0.65,0.78,0.42,0.47,1.07,0.94,0.1,0.58,0.17,17400,8.705913543701172
0.65,0.78,0.41,0.47,1.07,0.94,0.1,0.59,0.17,17385,8.705913543701172
0.65,0.78,0.41,0.47,1.08,0.95,0.1,0.58,0.17,17216,8.7100248336792
0.65,0.78,0.41,0.47,1.08,0.95,0.1,0.58,0.18,17329,8.714356422424316
0.65,0.78,0.41,0.47,1.07,0.95,0.1,0.59,0.17,16970,8.71835732460022
0.65,0.78,0.41,0.47,1.07,0.94,0.1,0.58,0.18,16965,8.71835732460022
0.65,0.78,0.41,0.47,1.07,0.94,0.1,0.59,0.18,17220,8.722358703613281
0.65,0.78,0.41,0.47,1.07,0.94,0.1,0.58,0.17,17173,8.72665524482727
0.65,0.78,0.41,0.47,1.07,0.95,0.09,0.59,0.18,17114,8.730477333068848
0.65,0.78,0.41,0.47,1.07,0.95,0.1,0.58,0.17,17171,8.73183012008667
0.65,0.78,0.41,0.47,1.07,0.95,0.1,0.59,0.18,17188,8.734833478927612
0.65,0.78,0.41,0.47,1.07,0.94,0.1,0.59,0.17,17117,8.738897323608398
0.65,0.78,0.41,0.47,1.07,0.94,0.1,0.59,0.17,17040,8.742963075637817
0.65,0.78,0.41,0.47,1.07,0.95,0.1,0.59,0.18,16913,8.744006156921387
0.65,0.78,0.41,0.47,1.07,0.95,0.1,0.59,0.18,17276,8.74719524383545
0.65,0.78,0.41,0.47,1.07,0.95,0.1,0.59,0.17,16985,8.751201868057251
0.65,0.78,0.41,0.47,1.07,0.95,0.09,0.58,0.17,16876,8.755425453186035
0.65,0.78,0.41,0.47,1.07,0.94,0.1,0.59,0.17,17169,8.755425453186035
0.65,0.78,0.41,0.46,1.07,0.94,0.1,0.59,0.17,17264,8.759420156478882
0.65,0.79,0.41,0.46,1.07,0.94,0.1,0.58,0.18,17241,8.76342511177063
0.65,0.79,0.41,0.46,1.07,0.95,0.1,0.58,0.17,17110,8.76784873008728
0.65,0.78,0.41,0.46,1.07,0.95,0.1,0.58,0.17,17287,8.771036624908447
0.65,0.79,0.41,0.47,1.07,0.95,0.1,0.58,0.17,17262,8.772036790847778
0.65,0.78,0.41,0.46,1.07,0.95,0.1,0.58,0.17,17453,8.776036500930786
0.65,0.78,0.41,0.46,1.07,0.95,0.1,0.58,0.17,17750,8.780004978179932
0.65,0.78,0.41,0.46,1.07,0.95,0.1,0.59,0.17,17577,8.784042119979858
0.65,0.78,0.41,0.46,1.07,0.95,0.1,0.58,0.17,17360,8.784042119979858
0.65,0.78,0.41,0.46,1.07,0.95,0.1,0.59,0.17,17387,8.788280725479126
0.65,0.78,0.41,0.46,1.07,0.95,0.1,0.58,0.17,17362,8.793623685836792
0.65,0.78,0.41,0.47,1.07,0.95,0.1,0.59,0.17,17321,8.796725988388062
0.65,0.78,0.41,0.47,1.07,0.95,0.09,0.58,0.17,17632,8.796725988388062
0.64,0.78,0.41,0.46,1.07,0.95,0.1,0.59,0.17,17389,8.800705671310425
0.64,0.79,0.41,0.46,1.07,0.95,0.09,0.59,0.18,17364,8.805726528167725
0.65,0.78,0.41,0.47,1.07,0.95,0.1,0.58,0.17,16975,8.808835744857788
0.64,0.78,0.41,0.47,1.07,0.94,0.1,0.58,0.17,16766,8.80972671508789
0.65,0.78,0.41,0.46,1.07,0.95,0.1,0.58,0.17,16603,8.813726663589478
0.64,0.78,0.41,0.47,1.07,0.95,0.1,0.58,0.17,16776,8.816648244857788
0.64,0.78,0.41,0.46,1.07,0.95,0.1,0.58,0.17,17329,8.821069955825806
0.64,0.78,0.41,0.47,1.07,0.95,0.09,0.58,0.17,17106,8.822050094604492
0.65,0.78,0.41,0.46,1.07,0.95,0.1,0.58,0.17,16973,8.825400590896606
0.65,0.78,0.41,0.46,1.07,0.95,0.1,0.58,0.17,17210,8.830025672912598
0.65,0.78,0.41,0.47,1.07,0.95,0.1,0.58,0.17,17429,8.833627700805664
0.65,0.78,0.41,0.46,1.07,0.95,0.1,0.58,0.17,17438,8.833627700805664
0.65,0.78,0.41,0.46,1.07,0.95,0.1,0.58,0.17,17321,8.837646961212158
0.64,0.78,0.41,0.46,1.07,0.95,0.1,0.58,0.17,17342,8.84163784980774
0.65,0.79,0.41,0.46,1.07,0.95,0.1,0.58,0.17,17335,8.846076488494873
0.65,0.78,0.41,0.47,1.07,0.95,0.08,0.58,0.17,17556,8.849370956420898
0.65,0.78,0.41,0.46,1.07,0.95,0.1,0.58,0.17,17271,8.850374460220337
0.65,0.78,0.41,0.46,1.07,0.95,0.1,0.58,0.17,17020,8.854376077651978
0.64,0.78,0.41,0.47,1.07,0.95,0.1,0.58,0.17,16925,8.858734130859375
0.64,0.78,0.41,0.47,1.07,0.95,0.1,0.58,0.17,16994,8.861990928649902
0.65,0.79,0.41,0.47,1.07,0.95,0.1,0.58,0.17,17373,8.863094329833984
0.64,0.78,0.41,0.47,1.07,0.95,0.1,0.58,0.17,17204,8.865721940994263
0.65,0.78,0.41,0.47,1.07,0.95,0.1,0.58,0.17,17373,8.87131643295288
0.65,0.78,0.41,0.46,1.07,0.95,0.1,0.58,0.18,17034,8.874330759048462
0.65,0.78,0.41,0.46,1.07,0.95,0.1,0.58,0.17,17335,8.875376462936401
0.65,0.78,0.42,0.46,1.07,0.95,0.1,0.58,0.17,17532,8.87902021408081
0.64,0.78,0.41,0.47,1.07,0.95,0.1,0.58,0.17,17355,8.883013248443604
0.64,0.78,0.41,0.47,1.07,0.95,0.1,0.58,0.17,17116,8.88701844215393
0.64,0.78,0.41,0.47,1.07,0.95,0.1,0.58,0.17,16987,8.88701844215393
0.64,0.78,0.41,0.46,1.07,0.95,0.1,0.58,0.17,16580,8.891031742095947
0.64,0.78,0.41,0.47,1.07,0.95,0.1,0.58,0.17,17229,8.89559292793274
0.64,0.78,0.41,0.46,1.07,0.95,0.09,0.58,0.17,17484,8.89897084236145
0.65,0.78,0.41,0.47,1.07,0.95,0.1,0.58,0.17,17029,8.89897084236145
0.64,0.79,0.41,0.47,1.07,0.95,0.1,0.58,0.17,17056,8.903964519500732
0.64,0.78,0.41,0.47,1.07,0.95,0.1,0.58,0.17,17189,8.907959938049316
0.64,0.78,0.41,0.46,1.07,0.95,0.1,0.58,0.17,17030,8.912069082260132
0.64,0.78,0.41,0.46,1.07,0.95,0.1,0.58,0.17,16989,8.915374040603638
0.65,0.78,0.41,0.46,1.07,0.95,0.1,0.58,0.17,17118,8.915374040603638
0.64,0.78,0.41,0.46,1.07,0.95,0.1,0.58,0.17,16951,8.919347047805786
0.65,0.78,0.41,0.46,1.07,0.95,0.1,0.58,0.17,17062,8.923387050628662
0.65,0.79,0.41,0.46,1.07,0.95,0.1,0.58,0.17,17393,8.927757978439331
0.65,0.78,0.41,0.46,1.06,0.95,0.09,0.58,0.17,17686,8.927757978439331
0.65,0.78,0.41,0.46,1.07,0.95,0.09,0.58,0.17,17139,8.93180251121521
0.65,0.78,0.41,0.46,1.07,0.94,0.1,0.58,0.17,17118,8.936907529830933
0.64,0.78,0.41,0.46,1.07,0.95,0.1,0.58,0.17,17089,8.940005779266357
0.65,0.78,0.41,0.46,1.07,0.95,0.1,0.58,0.17,16630,8.940005779266357
0.65,0.78,0.41,0.46,1.07,0.95,0.1,0.58,0.17,16607,8.944018125534058
0.65,0.78,0.41,0.46,1.07,0.95,0.1,0.58,0.17,17334,8.94870662689209
0.65,0.78,0.41,0.46,1.07,0.95,0.09,0.58,0.17,17281,8.952157497406006
0.65,0.78,0.41,0.46,1.07,0.95,0.1,0.58,0.17,17062,8.953134298324585
0.65,0.79,0.41,0.46,1.07,0.95,0.1,0.58,0.18,17497,8.956362009048462
0.65,0.78,0.41,0.46,1.06,0.95,0.1,0.58,0.17,17724,8.96036171913147
0.65,0.79,0.41,0.46,1.06,0.95,0.1,0.58,0.17,17681,8.965020656585693
0.65,0.79,0.41,0.46,1.07,0.95,0.1,0.58,0.18,17244,8.965020656585693
0.65,0.78,0.41,0.46,1.07,0.95,0.1,0.58,0.17,17151,8.969048976898193
0.65,0.78,0.41,0.46,1.07,0.95,0.1,0.58,0.17,17060,8.973755359649658
0.65,0.78,0.41,0.46,1.07,0.95,0.1,0.58,0.17,17039,8.976743221282959
0.65,0.78,0.41,0.46,1.07,0.95,0.1,0.58,0.17,16914,8.980549335479736
0.65,0.78,0.41,0.47,1.08,0.95,0.1,0.58,0.17,17157,8.981274843215942
0.65,0.78,0.41,0.46,1.08,0.95,0.1,0.58,0.17,17142,8.98526930809021
0.65,0.78,0.41,0.46,1.07,0.95,0.1,0.58,0.17,17435,8.9892578125
0.65,0.78,0.41,0.46,1.07,0.95,0.1,0.58,0.17,17730,8.992274522781372
0.64,0.78,0.41,0.46,1.07,0.95,0.09,0.58,0.17,17117,8.993257284164429
0.65,0.79,0.41,0.46,1.07,0.96,0.1,0.58,0.18,17060,8.997689962387085
0.65,0.79,0.41,0.46,1.07,0.95,0.1,0.58,0.17,17415,9.00138545036316
0.65,0.79,0.41,0.46,1.07,0.95,0.1,0.58,0.17,17180,9.005383253097534
0.65,0.78,0.41,0.46,1.07,0.95,0.1,0.58,0.17,17409,9.006245374679565
0.65,0.79,0.41,0.46,1.08,0.95,0.1,0.58,0.17,16906,9.009302616119385
0.65,0.78,0.41,0.46,1.07,0.96,0.1,0.58,0.17,17181,9.013306856155396
0.65,0.79,0.41,0.46,1.08,0.95,0.1,0.58,0.17,17432,9.017304182052612
0.65,0.79,0.41,0.46,1.08,0.95,0.1,0.58,0.17,17361,9.017304182052612
0.65,0.79,0.41,0.46,1.07,0.95,0.1,0.58,0.17,16892,9.021412372589111
0.65,0.79,0.41,0.46,1.07,0.95,0.1,0.58,0.17,16659,9.02576756477356
0.64,0.79,0.41,0.46,1.07,0.95,0.1,0.58,0.18,17360,9.029705286026001
0.65,0.79,0.41,0.46,1.07,0.95,0.1,0.58,0.17,17349,9.030750513076782
0.65,0.79,0.41,0.46,1.07,0.95,0.1,0.58,0.17,17152,9.033738374710083
0.65,0.79,0.41,0.46,1.08,0.95,0.1,0.58,0.17,16929,9.03774094581604
0.65,0.79,0.41,0.46,1.07,0.95,0.1,0.58,0.17,16732,9.04173731803894
0.65,0.79,0.41,0.46,1.07,0.95,0.1,0.57,0.17,17193,9.043064832687378
0.65,0.78,0.41,0.46,1.07,0.95,0.1,0.58,0.17,17522,9.046062469482422
0.65,0.78,0.41,0.46,1.07,0.95,0.1,0.58,0.17,17461,9.049732685089111
0.64,0.79,0.41,0.46,1.07,0.95,0.1,0.58,0.17,17616,9.053823947906494
0.65,0.79,0.41,0.46,1.07,0.95,0.1,0.58,0.17,17479,9.058119773864746
0.65,0.79,0.41,0.46,1.07,0.95,0.1,0.58,0.17,17396,9.059116125106812
0.64,0.79,0.41,0.46,1.07,0.95,0.1,0.58,0.17,17537,9.063099384307861
0.65,0.79,0.41,0.46,1.07,0.95,0.1,0.58,0.17,17218,9.06637954711914
0.65,0.79,0.41,0.46,1.07,0.95,0.1,0.58,0.17,17079,9.070567607879639
0.64,0.79,0.41,0.46,1.07,0.95,0.1,0.58,0.17,17270,9.071265697479248
0.65,0.78,0.41,0.47,1.07,0.95,0.1,0.58,0.17,17327,9.07494568824768
0.64,0.79,0.41,0.47,1.07,0.95,0.1,0.58,0.17,17510,9.080005884170532
0.64,0.79,0.41,0.46,1.07,0.95,0.1,0.58,0.17,17425,9.083115339279175
0.65,0.78,0.41,0.47,1.07,0.95,0.1,0.58,0.17,17202,9.083115339279175
0.65,0.79,0.41,0.46,1.07,0.95,0.1,0.58,0.17,17333,9.088105201721191
0.64,0.79,0.41,0.46,1.07,0.95,0.1,0.58,0.17,17144,9.091484546661377
0.64,0.79,0.41,0.47,1.07,0.95,0.1,0.58,0.17,16923,9.094996213912964
0.64,0.79,0.41,0.47,1.07,0.95,0.1,0.58,0.17,16994,9.096035718917847
0.64,0.79,0.41,0.47,1.07,0.95,0.1,0.58,0.17,16991,9.100173711776733
0.64,0.79,0.41,0.47,1.07,0.95,0.1,0.58,0.17,17386,9.104625940322876
0.64,0.79,0.41,0.46,1.07,0.95,0.1,0.58,0.17,17351,9.107924222946167
0.64,0.79,0.41,0.46,1.08,0.95,0.1,0.58,0.17,17338,9.108903169631958
0.64,0.79,0.42,0.46,1.07,0.95,0.09,0.58,0.17,17291,9.111923933029175
0.64,0.79,0.41,0.46,1.08,0.95,0.1,0.58,0.17,16886,9.116924285888672
0.64,0.79,0.41,0.46,1.07,0.95,0.1,0.58,0.17,17193,9.120357275009155
0.65,0.79,0.41,0.46,1.07,0.95,0.1,0.58,0.17,17356,9.124076128005981
0.64,0.79,0.41,0.47,1.07,0.95,0.1,0.58,0.17,16793,9.124076128005981
0.65,0.79,0.41,0.46,1.07,0.95,0.1,0.58,0.17,17056,9.128461837768555
0.64,0.79,0.41,0.46,1.08,0.95,0.1,0.58,0.17,17141,9.13246202468872
0.64,0.79,0.41,0.46,1.08,0.95,0.1,0.57,0.17,17202,9.136469841003418
0.64,0.79,0.41,0.47,1.07,0.95,0.1,0.58,0.17,17063,9.136469841003418
0.64,0.79,0.41,0.46,1.07,0.95,0.1,0.58,0.17,16846,9.141461849212646
0.64,0.79,0.41,0.46,1.07,0.95,0.1,0.58,0.17,17063,9.144483804702759
0.64,0.79,0.41,0.46,1.07,0.95,0.1,0.58,0.17,16952,9.14868712425232
0.64,0.79,0.41,0.46,1.07,0.95,0.1,0.58,0.17,17841,9.14868712425232
0.64,0.79,0.41,0.46,1.07,0.96,0.1,0.58,0.17,17380,9.15298342704773
0.64,0.79,0.41,0.46,1.07,0.95,0.1,0.58,0.17,17111,9.158046960830688
0.64,0.79,0.41,0.46,1.07,0.95,0.1,0.58,0.17,17124,9.161237239837646
0.65,0.79,0.41,0.47,1.07,0.95,0.1,0.58,0.17,17343,9.162238836288452
0.64,0.79,0.41,0.47,1.07,0.95,0.1,0.58,0.17,17536,9.16607141494751
0.64,0.79,0.41,0.46,1.07,0.95,0.1,0.58,0.17,17399,9.169188022613525
0.64,0.79,0.41,0.47,1.07,0.95,0.1,0.58,0.17,17354,9.173496961593628
0.64,0.79,0.41,0.47,1.07,0.95,0.1,0.58,0.17,17009,9.173496961593628
0.65,0.79,0.41,0.46,1.07,0.95,0.1,0.58,0.18,17160,9.17758846282959
0.64,0.79,0.41,0.46,1.07,0.95,0.1,0.57,0.17,17243,9.181842565536499
0.65,0.79,0.41,0.47,1.07,0.95,0.1,0.57,0.17,16958,9.18545937538147
0.65,0.78,0.41,0.46,1.07,0.95,0.1,0.58,0.17,17043,9.186525821685791
0.64,0.79,0.41,0.46,1.07,0.95,0.1,0.58,0.17,17444,9.190525770187378
0.65,0.79,0.41,0.46,1.07,0.95,0.1,0.58,0.17,17519,9.193952560424805
0.64,0.79,0.41,0.46,1.07,0.95,0.1,0.58,0.17,17210,9.197983026504517
0.64,0.79,0.41,0.46,1.07,0.95,0.1,0.58,0.17,16817,9.201993465423584
0.64,0.78,0.41,0.46,1.07,0.95,0.1,0.57,0.17,16996,9.20300006866455
0.65,0.79,0.41,0.47,1.07,0.95,0.1,0.58,0.17,17413,9.207000494003296
0.65,0.79,0.41,0.46,1.07,0.95,0.1,0.58,0.17,17346,9.210014581680298
0.64,0.79,0.41,0.46,1.07,0.95,0.1,0.58,0.17,17111,9.214154720306396
0.64,0.79,0.41,0.46,1.07,0.95,0.1,0.58,0.17,17044,9.215189695358276
0.64,0.79,0.41,0.46,1.08,0.95,0.1,0.58,0.17,17157,9.218196868896484
0.64,0.79,0.41,0.46,1.07,0.95,0.1,0.58,0.18,17324,9.222761154174805
0.65,0.79,0.41,0.46,1.07,0.95,0.1,0.58,0.17,17247,9.226771593093872
0.65,0.79,0.41,0.46,1.07,0.95,0.1,0.58,0.17,17194,9.227086544036865
0.65,0.78,0.41,0.46,1.08,0.95,0.1,0.58,0.17,17441,9.230295658111572
0.64,0.79,0.41,0.46,1.07,0.95,0.1,0.57,0.17,17504,9.234759330749512
0.65,0.78,0.41,0.47,1.07,0.95,0.11,0.58,0.17,17555,9.238938331604004
0.65,0.79,0.41,0.46,1.07,0.95,0.1,0.57,0.17,17628,9.238938331604004
0.64,0.79,0.41,0.46,1.07,0.95,0.09,0.58,0.17,17485,9.24349069595337
0.64,0.79,0.41,0.46,1.07,0.95,0.1,0.58,0.17,17514,9.24751353263855
0.64,0.79,0.41,0.46,1.07,0.95,0.1,0.58,0.17,17565,9.250508785247803
0.65,0.79,0.41,0.46,1.07,0.95,0.09,0.58,0.17,17476,9.251513242721558
0.65,0.79,0.41,0.46,1.07,0.95,0.1,0.58,0.17,17185,9.254862785339355
0.64,0.78,0.41,0.46,1.07,0.95,0.1,0.58,0.17,17106,9.258515119552612
0.65,0.79,0.41,0.46,1.07,0.95,0.1,0.58,0.17,16939,9.263190507888794
0.64,0.79,0.41,0.46,1.07,0.95,0.1,0.57,0.17,17420,9.266340494155884
0.64,0.79,0.41,0.46,1.07,0.95,0.1,0.58,0.17,17507,9.267338514328003
0.65,0.79,0.41,0.46,1.07,0.95,0.1,0.58,0.17,17196,9.271413087844849
0.64,0.79,0.41,0.46,1.07,0.95,0.1,0.58,0.17,17093,9.275413274765015
0.64,0.79,0.41,0.46,1.07,0.95,0.1,0.58,0.17,17172,9.279433727264404
0.65,0.79,0.41,0.46,1.07,0.95,0.1,0.58,0.18,16891,9.279433727264404
0.64,0.79,0.41,0.46,1.07,0.95,0.1,0.58,0.17,16986,9.283440589904785
0.65,0.79,0.41,0.46,1.07,0.95,0.1,0.58,0.17,17069,9.288402080535889
0.65,0.79,0.41,0.46,1.07,0.95,0.1,0.58,0.17,17228,9.291401386260986
0.65,0.79,0.41,0.47,1.07,0.95,0.1,0.58,0.17,17321,9.292401313781738
0.65,0.79,0.41,0.46,1.07,0.95,0.1,0.58,0.17,17532,9.2967369556427
0.65,0.79,0.41,0.46,1.07,0.95,0.1,0.58,0.17,17405,9.29958987236023
0.65,0.79,0.41,0.46,1.07,0.95,0.1,0.58,0.17,16958,9.304115056991577
0.64,0.79,0.41,0.46,1.07,0.95,0.1,0.58,0.17,16587,9.304751873016357
0.65,0.79,0.41,0.46,1.07,0.95,0.1,0.58,0.17,16726,9.307873725891113
0.65,0.79,0.41,0.47,1.07,0.95,0.09,0.58,0.17,17277,9.313479900360107
0.65,0.79,0.41,0.46,1.07,0.95,0.1,0.58,0.17,17138,9.316471815109253
0.65,0.78,0.41,0.46,1.07,0.95,0.1,0.58,0.17,17291,9.317471027374268
0.65,0.79,0.41,0.46,1.07,0.95,0.1,0.58,0.17,17546,9.321479797363281
0.65,0.78,0.41,0.46,1.07,0.95,0.1,0.58,0.17,17319,9.32522988319397
0.64,0.78,0.41,0.46,1.07,0.95,0.1,0.58,0.17,17040,9.32897663116455
0.65,0.78,0.41,0.46,1.07,0.95,0.1,0.58,0.17,17379,9.33003044128418
0.64,0.79,0.41,0.46,1.07,0.95,0.1,0.58,0.17,17624,9.333243608474731
0.65,0.78,0.41,0.46,1.07,0.95,0.09,0.58,0.17,17225,9.337310791015625
0.64,0.78,0.41,0.46,1.07,0.95,0.1,0.58,0.17,16846,9.341345071792603
0.65,0.79,0.41,0.46,1.07,0.95,0.1,0.58,0.17,17277,9.344788789749146
0.64,0.79,0.41,0.46,1.07,0.95,0.09,0.58,0.17,17326,9.345859289169312
0.65,0.78,0.41,0.47,1.07,0.95,0.1,0.59,0.17,17321,9.34985899925232
0.64,0.78,0.41,0.46,1.07,0.95,0.1,0.58,0.17,17744,9.353903532028198
0.65,0.79,0.41,0.47,1.07,0.95,0.1,0.58,0.17,17595,9.35735034942627
0.65,0.79,0.41,0.47,1.07,0.95,0.1,0.59,0.17,17348,9.358039140701294
0.65,0.78,0.4,0.47,1.07,0.96,0.1,0.59,0.17,17187,9.36203908920288
0.64,0.78,0.41,0.47,1.07,0.95,0.1,0.58,0.17,17366,9.366681337356567
0.65,0.79,0.41,0.46,1.07,0.95,0.1,0.58,0.17,16973,9.369906663894653
0.65,0.78,0.41,0.47,1.07,0.94,0.1,0.58,0.18,17100,9.370964050292969
0.65,0.78,0.41,0.47,1.07,0.95,0.1,0.58,0.17,16897,9.374688863754272
0.65,0.78,0.41,0.47,1.07,0.95,0.1,0.59,0.17,17174,9.378691673278809
0.65,0.79,0.41,0.47,1.07,0.95,0.1,0.58,0.18,17397,9.381951570510864
0.65,0.79,0.41,0.46,1.07,0.95,0.1,0.58,0.18,17272,9.382692337036133
0.65,0.78,0.41,0.47,1.07,0.95,0.1,0.58,0.17,17063,9.386692523956299
0.65,0.78,0.41,0.46,1.07,0.95,0.1,0.58,0.17,16890,9.391146183013916
0.65,0.78,0.41,0.47,1.07,0.95,0.09,0.58,0.17,17473,9.394635200500488
0.64,0.78,0.41,0.47,1.07,0.95,0.1,0.58,0.17,17484,9.394635200500488
0.64,0.78,0.41,0.47,1.07,0.95,0.1,0.58,0.17,17049,9.398569822311401
0.65,0.78,0.41,0.46,1.07,0.95,0.1,0.58,0.17,16650,9.402764797210693
0.65,0.78,0.41,0.46,1.07,0.95,0.1,0.58,0.17,17197,9.406606197357178
0.65,0.79,0.41,0.47,1.07,0.95,0.1,0.58,0.17,17576,9.410156965255737
0.65,0.78,0.41,0.47,1.07,0.95,0.1,0.58,0.17,16711,9.411212682723999
0.64,0.79,0.41,0.47,1.07,0.95,0.1,0.58,0.17,16898,9.415810585021973
0.65,0.78,0.41,0.46,1.07,0.95,0.1,0.58,0.17,17127,9.41981029510498
0.65,0.78,0.41,0.46,1.07,0.95,0.1,0.58,0.17,16996,9.42331051826477
0.65,0.78,0.41,0.46,1.08,0.95,0.1,0.58,0.17,16719,9.42331051826477
0.64,0.78,0.41,0.46,1.08,0.95,0.1,0.58,0.17,16686,9.427448987960815
0.65,0.78,0.41,0.46,1.07,0.95,0.1,0.58,0.17,17315,9.432011365890503
0.65,0.78,0.41,0.46,1.07,0.95,0.1,0.58,0.17,17300,9.435167789459229
0.65,0.78,0.41,0.46,1.07,0.95,0.1,0.58,0.17,16765,9.436250686645508
0.65,0.78,0.41,0.46,1.08,0.95,0.1,0.58,0.17,16984,9.439766645431519
0.65,0.78,0.41,0.46,1.07,0.95,0.1,0.58,0.17,17171,9.444851160049438
0.65,0.78,0.41,0.47,1.08,0.95,0.1,0.58,0.17,16932,9.447824239730835
0.65,0.78,0.41,0.46,1.08,0.95,0.1,0.58,0.17,17089,9.447824239730835
0.65,0.78,0.41,0.46,1.08,0.95,0.1,0.58,0.17,16910,9.452762603759766
0.65,0.78,0.41,0.46,1.08,0.95,0.1,0.58,0.17,16853,9.456852674484253
0.65,0.78,0.41,0.46,1.07,0.95,0.1,0.59,0.17,16898,9.460061311721802
0.65,0.78,0.41,0.46,1.08,0.95,0.1,0.58,0.17,17211,9.460852861404419
0.64,0.78,0.41,0.46,1.08,0.95,0.1,0.58,0.17,17478,9.464078903198242
0.65,0.78,0.41,0.46,1.07,0.95,0.1,0.58,0.17,17185,9.467782974243164
0.65,0.78,0.41,0.46,1.08,0.95,0.09,0.58,0.17,17016,9.471807956695557
0.64,0.78,0.41,0.46,1.08,0.95,0.09,0.58,0.18,16755,9.472829341888428
0.65,0.78,0.41,0.46,1.08,0.95,0.1,0.58,0.17,17284,9.476071119308472
0.65,0.78,0.41,0.46,1.07,0.95,0.1,0.58,0.17,17757,9.481055498123169
0.65,0.78,0.41,0.46,1.07,0.95,0.1,0.58,0.17,16852,9.484452486038208
0.65,0.78,0.41,0.46,1.07,0.95,0.09,0.58,0.17,16807,9.488666772842407
0.65,0.78,0.41,0.46,1.07,0.95,0.1,0.58,0.18,17074,9.489492177963257
0.64,0.78,0.41,0.46,1.07,0.95,0.09,0.58,0.17,17421,9.493238687515259
0.64,0.78,0.41,0.46,1.07,0.94,0.1,0.59,0.17,17570,9.497488021850586
0.65,0.78,0.41,0.46,1.07,0.95,0.1,0.58,0.18,17115,9.500494241714478
0.64,0.78,0.41,0.46,1.07,0.95,0.09,0.58,0.17,17000,9.501494407653809
0.64,0.79,0.41,0.46,1.07,0.95,0.1,0.58,0.17,17067,9.504873752593994
0.64,0.78,0.41,0.47,1.07,0.95,0.1,0.58,0.17,17092,9.50989294052124
0.64,0.78,0.41,0.46,1.07,0.95,0.1,0.58,0.17,16925,9.513433933258057
0.64,0.78,0.41,0.46,1.07,0.95,0.1,0.58,0.17,17426,9.513433933258057
0.64,0.78,0.41,0.47,1.07,0.95,0.1,0.58,0.17,17021,9.517035961151123
0.64,0.78,0.41,0.46,1.07,0.95,0.09,0.58,0.17,17292,9.522806644439697
0.64,0.78,0.41,0.46,1.07,0.95,0.09,0.58,0.17,17233,9.525440216064453
0.65,0.78,0.41,0.46,1.07,0.95,0.1,0.59,0.17,17238,9.525440216064453
0.64,0.78,0.41,0.46,1.07,0.95,0.1,0.58,0.17,17339,9.529608011245728
0.65,0.79,0.41,0.46,1.07,0.95,0.1,0.58,0.17,17044,9.533573389053345
0.65,0.78,0.41,0.46,1.07,0.95,0.1,0.58,0.17,17333,9.538051128387451
0.65,0.78,0.41,0.46,1.07,0.95,0.1,0.58,0.18,17374,9.538051128387451
0.64,0.78,0.41,0.46,1.07,0.95,0.1,0.58,0.17,16991,9.541369199752808
0.65,0.78,0.41,0.46,1.07,0.95,0.1,0.59,0.18,16978,9.546398401260376
0.64,0.78,0.41,0.46,1.06,0.95,0.1,0.58,0.17,17265,9.55006718635559
0.65,0.78,0.41,0.46,1.07,0.95,0.1,0.58,0.17,17258,9.55006718635559
0.65,0.78,0.41,0.46,1.07,0.95,0.1,0.58,0.17,16749,9.555114030838013
0.65,0.78,0.41,0.46,1.07,0.95,0.1,0.58,0.17,16928,9.5591402053833
0.65,0.78,0.41,0.46,1.07,0.95,0.1,0.58,0.17,17051,9.562294006347656
0.65,0.78,0.41,0.46,1.07,0.95,0.1,0.58,0.17,17070,9.565895080566406
0.65,0.78,0.41,0.46,1.07,0.95,0.1,0.58,0.17,17365,9.56722378730774
0.65,0.78,0.41,0.46,1.07,0.95,0.1,0.58,0.17,17110,9.570794582366943
0.65,0.78,0.41,0.47,1.07,0.94,0.1,0.58,0.17,16863,9.575974702835083
0.65,0.79,0.41,0.46,1.07,0.95,0.1,0.58,0.17,16962,9.578345775604248
0.65,0.78,0.42,0.46,1.07,0.95,0.1,0.58,0.17,17211,9.579402208328247
0.65,0.78,0.41,0.46,1.07,0.95,0.1,0.58,0.17,16816,9.583656072616577
0.65,0.78,0.42,0.46,1.07,0.95,0.1,0.58,0.17,16865,9.587655305862427
0.65,0.78,0.41,0.46,1.07,0.95,0.1,0.58,0.17,17462,9.591177701950073
0.64,0.78,0.41,0.46,1.07,0.95,0.1,0.58,0.17,18069,9.592111825942993
0.65,0.78,0.41,0.46,1.07,0.95,0.1,0.59,0.17,17768,9.596339702606201
0.65,0.78,0.42,0.46,1.07,0.95,0.1,0.58,0.17,17427,9.600292921066284
0.65,0.79,0.41,0.46,1.07,0.95,0.1,0.58,0.17,17246,9.603319883346558
0.66,0.78,0.41,0.47,1.07,0.95,0.1,0.58,0.17,17313,9.603319883346558
0.65,0.78,0.41,0.46,1.07,0.95,0.1,0.58,0.17,17000,9.607920408248901
0.65,0.78,0.41,0.46,1.07,0.95,0.1,0.58,0.17,17185,9.611334800720215
0.65,0.79,0.41,0.46,1.07,0.95,0.1,0.58,0.17,17064,9.616413354873657
0.65,0.78,0.41,0.46,1.07,0.95,0.1,0.58,0.17,16893,9.616413354873657
0.65,0.78,0.41,0.46,1.07,0.95,0.09,0.58,0.17,17062,9.620413303375244
0.65,0.78,0.41,0.46,1.07,0.95,0.1,0.58,0.17,16813,9.624099254608154
0.65,0.78,0.41,0.46,1.07,0.95,0.1,0.58,0.17,17190,9.628521919250488
0.65,0.78,0.42,0.46,1.07,0.95,0.09,0.58,0.17,17343,9.628521919250488
0.65,0.78,0.41,0.46,1.07,0.95,0.09,0.58,0.17,16960,9.632547855377197
0.65,0.78,0.42,0.46,1.07,0.95,0.1,0.58,0.17,17159,9.636548042297363
0.65,0.78,0.41,0.46,1.07,0.95,0.1,0.58,0.17,17294,9.640804052352905
0.65,0.79,0.42,0.46,1.07,0.95,0.1,0.58,0.17,17511,9.644067764282227
0.65,0.78,0.41,0.46,1.07,0.95,0.1,0.58,0.17,17150,9.644805431365967
0.65,0.78,0.41,0.46,1.07,0.95,0.1,0.58,0.17,16727,9.648879289627075
0.65,0.78,0.41,0.47,1.07,0.95,0.1,0.59,0.17,16946,9.653010368347168
0.65,0.78,0.42,0.46,1.07,0.95,0.1,0.58,0.18,16915,9.656370162963867
0.65,0.78,0.41,0.46,1.07,0.95,0.1,0.58,0.17,16908,9.657406330108643
0.65,0.78,0.41,0.46,1.07,0.95,0.1,0.58,0.17,16923,9.661290645599365
0.65,0.78,0.42,0.46,1.07,0.95,0.1,0.58,0.17,17056,9.664746522903442
0.65,0.78,0.42,0.47,1.07,0.95,0.1,0.58,0.18,17633,9.668276309967041
0.65,0.78,0.41,0.46,1.07,0.95,0.1,0.58,0.17,17614,9.669283866882324
0.65,0.78,0.41,0.46,1.07,0.95,0.1,0.58,0.17,17237,9.67343807220459
0.65,0.78,0.41,0.47,1.07,0.95,0.09,0.58,0.17,17100,9.677428245544434
0.65,0.78,0.41,0.46,1.07,0.95,0.1,0.58,0.17,17083,9.681437969207764
0.65,0.78,0.41,0.46,1.07,0.95,0.1,0.58,0.17,17358,9.681437969207764
0.65,0.78,0.41,0.47,1.07,0.95,0.1,0.58,0.17,17491,9.68543815612793
0.65,0.78,0.41,0.46,1.07,0.95,0.1,0.59,0.17,17466,9.68942666053772
0.65,0.78,0.41,0.46,1.07,0.95,0.1,0.58,0.17,17053,9.693929433822632
0.65,0.78,0.41,0.46,1.07,0.95,0.09,0.58,0.17,17126,9.694916009902954
0.65,0.78,0.41,0.46,1.07,0.95,0.1,0.58,0.17,17211,9.697314977645874
0.65,0.78,0.41,0.47,1.06,0.95,0.1,0.59,0.18,17176,9.702022314071655
0.65,0.78,0.41,0.46,1.07,0.95,0.1,0.58,0.17,16987,9.706036567687988
0.65,0.78,0.41,0.46,1.07,0.95,0.1,0.59,0.17,16850,9.707045555114746
0.65,0.79,0.41,0.46,1.07,0.95,0.1,0.58,0.17,17325,9.710285186767578
0.66,0.78,0.41,0.47,1.07,0.95,0.1,0.58,0.17,17446,9.714284896850586
0.66,0.78,0.41,0.47,1.07,0.95,0.1,0.58,0.17,17625,9.718286037445068
0.65,0.78,0.41,0.46,1.07,0.95,0.09,0.58,0.17,17168,9.722647190093994
0.66,0.78,0.41,0.46,1.07,0.95,0.1,0.58,0.17,16859,9.722647190093994
0.66,0.78,0.41,0.46,1.07,0.95,0.1,0.59,0.17,17240,9.726232767105103
0.65,0.77,0.41,0.46,1.06,0.95,0.1,0.58,0.17,17687,9.730745792388916
0.66,0.78,0.41,0.47,1.07,0.95,0.1,0.59,0.17,17584,9.734829187393188
0.65,0.78,0.42,0.47,1.06,0.95,0.1,0.58,0.18,16943,9.734829187393188
0.65,0.78,0.41,0.46,1.07,0.95,0.1,0.59,0.17,17430,9.738829135894775
0.65,0.78,0.41,0.46,1.06,0.95,0.1,0.59,0.17,17309,9.74328351020813
0.65,0.78,0.41,0.47,1.07,0.95,0.1,0.59,0.17,17110,9.746753215789795
0.65,0.78,0.41,0.46,1.07,0.95,0.1,0.59,0.17,17229,9.746753215789795
0.66,0.78,0.41,0.46,1.07,0.95,0.1,0.59,0.18,17176,9.751284837722778
0.65,0.78,0.41,0.47,1.07,0.95,0.1,0.58,0.18,17731,9.754441261291504
0.66,0.78,0.41,0.47,1.07,0.95,0.1,0.59,0.17,17632,9.759885549545288
0.65,0.78,0.41,0.46,1.07,0.95,0.1,0.59,0.18,17421,9.759885549545288
0.66,0.78,0.42,0.46,1.07,0.95,0.1,0.59,0.17,17154,9.762885332107544
0.65,0.78,0.41,0.46,1.07,0.95,0.1,0.58,0.17,16987,9.767401218414307
0.65,0.78,0.42,0.47,1.07,0.95,0.1,0.58,0.17,17220,9.771363019943237
0.65,0.78,0.41,0.46,1.06,0.95,0.1,0.58,0.17,17219,9.772379398345947
0.65,0.78,0.41,0.47,1.07,0.95,0.1,0.59,0.17,17180,9.77535891532898
0.65,0.78,0.42,0.46,1.07,0.95,0.1,0.58,0.17,17215,9.779417514801025
0.65,0.78,0.41,0.46,1.07,0.95,0.1,0.59,0.17,17118,9.784071445465088
0.66,0.78,0.41,0.47,1.07,0.95,0.1,0.58,0.17,17063,9.784071445465088
0.66,0.78,0.41,0.46,1.07,0.95,0.1,0.58,0.17,17022,9.78807020187378
0.65,0.78,0.41,0.46,1.07,0.95,0.1,0.58,0.17,16919,9.792627811431885
0.65,0.78,0.41,0.46,1.07,0.95,0.1,0.58,0.17,16908,9.796125650405884
0.65,0.79,0.41,0.47,1.07,0.95,0.1,0.58,0.17,16919,9.799408197402954
0.65,0.78,0.42,0.46,1.07,0.95,0.1,0.58,0.17,17054,9.80014181137085
0.66,0.78,0.42,0.46,1.07,0.95,0.1,0.58,0.18,16975,9.804801225662231
0.66,0.78,0.41,0.47,1.07,0.95,0.1,0.58,0.17,16784,9.809154987335205
0.65,0.78,0.42,0.47,1.07,0.95,0.1,0.58,0.17,16987,9.812508344650269
0.65,0.78,0.41,0.47,1.07,0.95,0.1,0.58,0.17,16972,9.812508344650269
0.65,0.79,0.42,0.46,1.07,0.95,0.1,0.58,0.17,17361,9.816323041915894
0.65,0.78,0.41,0.46,1.07,0.95,0.1,0.59,0.17,17568,9.820874214172363
0.65,0.78,0.42,0.46,1.07,0.95,0.1,0.58,0.17,17593,9.82445240020752
0.66,0.78,0.41,0.47,1.07,0.95,0.1,0.59,0.17,17584,9.825461864471436
0.65,0.78,0.42,0.47,1.07,0.95,0.1,0.59,0.17,17035,9.82861328125
0.65,0.78,0.41,0.46,1.07,0.95,0.1,0.59,0.17,17094,9.833670854568481
0.66,0.78,0.41,0.46,1.07,0.95,0.1,0.58,0.17,17229,9.837088346481323
0.65,0.78,0.41,0.46,1.07,0.95,0.09,0.59,0.17,17428,9.838134527206421
0.66,0.78,0.42,0.47,1.07,0.95,0.1,0.58,0.17,17011,9.841130495071411
0.65,0.79,0.41,0.46,1.07,0.95,0.1,0.59,0.17,16932,9.845571994781494
0.66,0.78,0.41,0.46,1.07,0.95,0.1,0.59,0.17,17047,9.8495512008667
0.66,0.78,0.41,0.46,1.07,0.95,0.09,0.58,0.18,17412,9.8495512008667
0.65,0.79,0.42,0.47,1.07,0.95,0.1,0.58,0.17,17353,9.854105472564697
0.65,0.79,0.42,0.46,1.07,0.95,0.1,0.58,0.17,16972,9.857156038284302
0.65,0.79,0.41,0.46,1.07,0.95,0.1,0.58,0.17,16771,9.862201929092407
0.65,0.78,0.41,0.46,1.07,0.95,0.1,0.58,0.17,17250,9.862201929092407
0.65,0.79,0.42,0.46,1.07,0.95,0.1,0.59,0.17,17035,9.864831924438477
0.65,0.79,0.41,0.46,1.07,0.95,0.1,0.59,0.17,16568,9.869567155838013
0.65,0.79,0.41,0.46,1.06,0.95,0.1,0.59,0.17,16781,9.873854875564575
0.66,0.79,0.41,0.47,1.06,0.95,0.1,0.58,0.17,16682,9.87788200378418
0.66,0.78,0.41,0.46,1.07,0.95,0.1,0.59,0.17,16955,9.878861904144287
0.65,0.78,0.41,0.46,1.07,0.95,0.1,0.58,0.17,17242,9.88186264038086
0.66,0.79,0.41,0.46,1.07,0.95,0.1,0.58,0.17,17409,9.88651418685913
0.65,0.78,0.41,0.47,1.07,0.95,0.1,0.59,0.17,17244,9.889876365661621
0.65,0.78,0.41,0.46,1.07,0.95,0.1,0.59,0.17,17263,9.89091181755066
0.65,0.78,0.41,0.47,1.07,0.95,0.1,0.58,0.17,17470,9.893905878067017
0.65,0.78,0.41,0.47,1.07,0.95,0.1,0.58,0.17,17845,9.898315668106079
0.65,0.78,0.41,0.47,1.07,0.95,0.09,0.59,0.17,17514,9.90235686302185
0.65,0.78,0.41,0.46,1.07,0.95,0.1,0.59,0.17,17099,9.90235686302185
0.65,0.78,0.41,0.47,1.07,0.95,0.1,0.58,0.17,17476,9.906630754470825
0.66,0.78,0.41,0.46,1.07,0.95,0.1,0.58,0.17,17215,9.910736560821533
0.65,0.78,0.41,0.47,1.07,0.95,0.1,0.58,0.18,17136,9.914833068847656
0.65,0.78,0.41,0.46,1.07,0.95,0.1,0.59,0.17,17563,9.915814638137817
0.65,0.79,0.42,0.46,1.07,0.95,0.09,0.59,0.17,17444,9.918814659118652
0.66,0.79,0.42,0.46,1.06,0.95,0.1,0.59,0.17,17165,9.923917293548584
0.66,0.79,0.41,0.47,1.07,0.95,0.09,0.59,0.17,17196,9.92683458328247
0.65,0.79,0.42,0.46,1.07,0.95,0.1,0.59,0.18,16865,9.927847385406494
0.65,0.79,0.42,0.47,1.07,0.95,0.1,0.58,0.17,16530,9.931886434555054
0.66,0.78,0.42,0.47,1.07,0.95,0.1,0.58,0.18,17095,9.935360431671143
0.65,0.78,0.42,0.46,1.07,0.94,0.1,0.58,0.17,17434,9.939998149871826
0.65,0.78,0.42,0.46,1.07,0.95,0.1,0.59,0.17,17757,9.939998149871826
0.66,0.78,0.42,0.47,1.06,0.95,0.1,0.58,0.17,17128,9.943679571151733
0.66,0.78,0.42,0.47,1.07,0.95,0.1,0.58,0.17,16775,9.947688579559326
0.65,0.79,0.42,0.46,1.07,0.95,0.1,0.58,0.17,17380,9.951340675354004
0.66,0.79,0.41,0.46,1.07,0.95,0.11,0.58,0.18,17691,9.95559310913086
0.65,0.78,0.41,0.47,1.07,0.95,0.1,0.59,0.17,17154,9.95559310913086
0.65,0.79,0.41,0.47,1.07,0.95,0.1,0.59,0.17,17179,9.95963978767395
0.66,0.78,0.42,0.46,1.07,0.95,0.1,0.58,0.17,17626,9.964876174926758
0.65,0.79,0.41,0.47,1.07,0.95,0.1,0.58,0.17,17385,9.968451261520386
0.65,0.78,0.41,0.47,1.07,0.95,0.1,0.59,0.17,17374,9.968451261520386
0.65,0.78,0.42,0.47,1.07,0.95,0.1,0.58,0.17,17429,9.972450733184814
0.65,0.79,0.41,0.47,1.07,0.95,0.1,0.58,0.17,17116,9.977132081985474
0.66,0.79,0.42,0.47,1.07,0.95,0.1,0.59,0.17,17189,9.980719089508057
0.65,0.78,0.42,0.46,1.07,0.95,0.1,0.58,0.17,17368,9.980719089508057
0.66,0.78,0.42,0.46,1.07,0.95,0.1,0.58,0.17,16921,9.984760999679565
0.66,0.78,0.41,0.47,1.07,0.95,0.09,0.59,0.17,17156,9.989061117172241
0.66,0.78,0.41,0.46,1.07,0.95,0.1,0.59,0.17,17397,9.99231767654419
0.66,0.78,0.41,0.46,1.07,0.95,0.1,0.58,0.17,17016,9.993387222290039
0.66,0.79,0.41,0.46,1.07,0.95,0.1,0.58,0.17,17155,9.996564626693726
0.66,0.79,0.41,0.46,1.07,0.95,0.1,0.59,0.17,17324,10.000636339187622
0.66,0.78,0.41,0.46,1.07,0.96,0.1,0.59,0.17,16981,10.005857229232788
0.66,0.78,0.41,0.46,1.07,0.95,0.1,0.58,0.17,17376,10.005857229232788
0.66,0.78,0.41,0.46,1.07,0.95,0.1,0.59,0.17,17353,10.008857250213623
0.66,0.79,0.41,0.46,1.07,0.95,0.1,0.58,0.17,16912,10.01407241821289
0.65,0.78,0.41,0.46,1.07,0.95,0.1,0.59,0.17,16805,10.018035650253296
0.65,0.79,0.41,0.47,1.07,0.95,0.1,0.59,0.17,16792,10.020103931427002
0.66,0.79,0.42,0.47,1.07,0.95,0.1,0.59,0.17,17429,10.02110242843628
0.65,0.78,0.41,0.46,1.07,0.95,0.1,0.58,0.17,17934,10.025426149368286
0.66,0.78,0.42,0.46,1.07,0.95,0.1,0.58,0.18,17835,10.029198408126831
0.65,0.78,0.41,0.47,1.07,0.95,0.1,0.58,0.17,17266,10.032939672470093
0.65,0.78,0.41,0.46,1.07,0.95,0.1,0.58,0.17,17003,10.032939672470093
0.66,0.79,0.41,0.46,1.07,0.95,0.1,0.58,0.17,17630,10.037950992584229
0.65,0.78,0.41,0.46,1.07,0.95,0.1,0.58,0.17,17597,10.041951417922974
0.65,0.78,0.41,0.46,1.07,0.95,0.1,0.58,0.17,17538,10.045400381088257
0.65,0.79,0.41,0.46,1.07,0.95,0.1,0.58,0.17,17443,10.045400381088257
0.65,0.78,0.41,0.46,1.07,0.95,0.1,0.58,0.17,17328,10.04949164390564
0.66,0.78,0.42,0.46,1.07,0.96,0.1,0.59,0.18,17229,10.053638219833374
0.65,0.78,0.41,0.46,1.07,0.95,0.1,0.59,0.17,16866,10.058207750320435
0.65,0.78,0.41,0.47,1.07,0.96,0.1,0.59,0.17,17017,10.058207750320435
0.65,0.78,0.41,0.46,1.07,0.95,0.1,0.59,0.17,17180,10.062278032302856
0.66,0.78,0.41,0.47,1.07,0.95,0.09,0.58,0.17,17323,10.066632509231567
0.65,0.78,0.41,0.46,1.07,0.95,0.1,0.59,0.18,17196,10.070769548416138
0.66,0.78,0.41,0.46,1.07,0.95,0.1,0.58,0.17,17335,10.070769548416138
0.65,0.79,0.41,0.46,1.08,0.95,0.1,0.59,0.17,17132,10.074898481369019
0.66,0.78,0.41,0.46,1.07,0.95,0.1,0.58,0.18,16857,10.078893899917603
0.66,0.78,0.42,0.46,1.07,0.95,0.1,0.58,0.17,16870,10.082258224487305
0.66,0.78,0.41,0.46,1.07,0.95,0.1,0.58,0.17,16869,10.086384534835815
0.66,0.78,0.41,0.46,1.07,0.95,0.1,0.58,0.17,17162,10.086384534835815
0.66,0.78,0.41,0.46,1.08,0.95,0.1,0.58,0.17,17287,10.091335535049438
0.66,0.78,0.41,0.46,1.07,0.95,0.1,0.58,0.17,17290,10.095848321914673
0.65,0.78,0.41,0.46,1.07,0.95,0.1,0.58,0.17,17423,10.098978996276855
0.66,0.78,0.41,0.46,1.07,0.95,0.1,0.58,0.17,16762,10.099822998046875
0.66,0.78,0.41,0.46,1.07,0.95,0.09,0.59,0.18,16855,10.103848695755005
0.65,0.78,0.41,0.46,1.07,0.95,0.1,0.58,0.18,17032,10.10737919807434
0.66,0.78,0.41,0.47,1.07,0.95,0.1,0.58,0.17,17137,10.111403703689575
0.65,0.78,0.41,0.46,1.07,0.95,0.1,0.58,0.18,17172,10.112387418746948
0.66,0.78,0.41,0.46,1.07,0.95,0.1,0.58,0.17,17071,10.116172790527344
0.65,0.78,0.41,0.46,1.07,0.95,0.1,0.58,0.17,16858,10.119067907333374
0.65,0.78,0.41,0.46,1.08,0.95,0.1,0.59,0.17,17121,10.123063802719116
0.65,0.78,0.41,0.46,1.07,0.95,0.1,0.58,0.17,17548,10.124193906784058
0.65,0.78,0.41,0.46,1.07,0.95,0.1,0.58,0.18,17065,10.127617120742798
0.64,0.78,0.41,0.46,1.07,0.95,0.09,0.59,0.18,16908,10.13204836845398
0.65,0.78,0.42,0.46,1.07,0.96,0.1,0.58,0.18,17347,10.137040138244629
0.65,0.79,0.41,0.46,1.07,0.95,0.1,0.59,0.17,17632,10.137040138244629
0.65,0.78,0.41,0.46,1.07,0.95,0.1,0.58,0.17,17343,10.14013147354126
0.64,0.78,0.41,0.47,1.07,0.95,0.1,0.59,0.17,17760,10.144131660461426
0.64,0.78,0.41,0.46,1.07,0.96,0.1,0.58,0.17,17821,10.149317979812622
0.64,0.78,0.41,0.46,1.07,0.95,0.1,0.58,0.17,17462,10.149317979812622
0.65,0.78,0.41,0.46,1.07,0.95,0.1,0.58,0.17,17361,10.152438163757324
0.63,0.78,0.41,0.46,1.07,0.96,0.1,0.58,0.17,16858,10.157047748565674
0.63,0.77,0.41,0.46,1.07,0.96,0.1,0.58,0.17,16961,10.161175727844238
0.64,0.78,0.41,0.47,1.07,0.96,0.1,0.58,0.17,17598,10.164485216140747
0.64,0.78,0.41,0.47,1.07,0.95,0.1,0.58,0.17,17313,10.164485216140747
0.64,0.78,0.41,0.46,1.07,0.95,0.1,0.58,0.17,16946,10.168838739395142
0.64,0.78,0.41,0.47,1.07,0.95,0.1,0.58,0.17,17009,10.17229437828064
0.64,0.78,0.41,0.47,1.07,0.95,0.1,0.59,0.18,17566,10.176454782485962
0.63,0.78,0.42,0.47,1.07,0.95,0.1,0.58,0.17,17573,10.177211284637451
0.63,0.78,0.41,0.46,1.07,0.95,0.1,0.58,0.17,17358,10.18119502067566
0.65,0.78,0.41,0.47,1.07,0.96,0.1,0.58,0.17,17031,10.185194730758667
0.63,0.78,0.41,0.46,1.07,0.95,0.09,0.58,0.18,17052,10.18926453590393
0.64,0.78,0.42,0.47,1.07,0.95,0.1,0.58,0.17,16965,10.190211057662964
0.63,0.79,0.41,0.47,1.07,0.95,0.1,0.59,0.17,17244,10.192595958709717
0.64,0.78,0.41,0.47,1.07,0.95,0.1,0.58,0.17,17545,10.198134422302246
0.61,0.78,0.41,0.46,1.07,0.95,0.1,0.58,0.18,17290,10.201134443283081
0.62,0.78,0.41,0.46,1.07,0.95,0.1,0.58,0.17,16667,10.20218825340271
0.62,0.78,0.41,0.47,1.07,0.95,0.1,0.58,0.18,16978,10.20620584487915
0.62,0.78,0.41,0.47,1.07,0.95,0.1,0.58,0.17,17079,10.209604978561401
0.63,0.78,0.41,0.47,1.07,0.95,0.1,0.58,0.17,17066,10.21354365348816
0.63,0.78,0.41,0.46,1.07,0.95,0.1,0.58,0.17,16889,10.214439392089844
0.62,0.78,0.41,0.46,1.07,0.95,0.1,0.58,0.17,17070,10.217954397201538
0.63,0.78,0.41,0.47,1.07,0.95,0.1,0.58,0.17,17515,10.222980260848999
0.62,0.78,0.41,0.46,1.07,0.95,0.1,0.58,0.18,17680,10.227145910263062
0.63,0.78,0.41,0.46,1.07,0.95,0.1,0.58,0.17,17067,10.229140281677246
0.63,0.78,0.41,0.46,1.07,0.95,0.1,0.58,0.17,16872,10.230144023895264
0.63,0.78,0.41,0.46,1.07,0.95,0.1,0.58,0.17,17155,10.234240531921387
0.63,0.79,0.41,0.46,1.07,0.95,0.1,0.58,0.17,17356,10.238239288330078
0.63,0.78,0.41,0.47,1.07,0.95,0.09,0.58,0.18,17797,10.24123501777649
0.61,0.78,0.41,0.47,1.07,0.95,0.1,0.58,0.17,17258,10.242234706878662
0.62,0.78,0.41,0.46,1.07,0.95,0.1,0.58,0.17,17327,10.24623966217041
0.62,0.78,0.41,0.45,1.07,0.96,0.09,0.58,0.18,17148,10.250473260879517
0.62,0.78,0.41,0.45,1.07,0.96,0.09,0.58,0.17,17129,10.254654169082642
0.62,0.78,0.41,0.46,1.07,0.95,0.1,0.58,0.17,17132,10.255308389663696
0.63,0.78,0.41,0.45,1.07,0.95,0.09,0.58,0.17,16883,10.259717464447021
0.6,0.78,0.41,0.45,1.07,0.95,0.1,0.58,0.17,16932,10.262717008590698
0.6,0.78,0.41,0.43,1.07,0.96,0.11,0.58,0.18,16639,10.266703844070435
0.6,0.78,0.41,0.42,1.07,0.96,0.11,0.58,0.18,16784,10.266703844070435
0.6,0.78,0.41,0.43,1.07,0.95,0.11,0.58,0.18,16955,10.27075481414795
0.61,0.78,0.41,0.43,1.07,0.96,0.11,0.58,0.18,17246,10.274928092956543
0.6,0.78,0.41,0.42,1.07,0.96,0.12,0.58,0.18,17295,10.278967380523682
0.6,0.78,0.41,0.43,1.07,0.95,0.12,0.59,0.18,17396,10.280035257339478
0.61,0.78,0.41,0.43,1.07,0.95,0.12,0.58,0.18,17475,10.283142805099487
0.61,0.78,0.41,0.43,1.07,0.95,0.11,0.58,0.18,17202,10.288156270980835
0.6,0.78,0.41,0.43,1.07,0.95,0.11,0.58,0.18,17299,10.291603803634644
0.6,0.78,0.41,0.43,1.07,0.96,0.11,0.58,0.18,17258,10.29496431350708
0.62,0.78,0.41,0.43,1.07,0.95,0.12,0.58,0.18,17329,10.296034812927246
0.62,0.78,0.41,0.43,1.07,0.95,0.12,0.59,0.18,17852,10.300034523010254
0.61,0.78,0.41,0.43,1.08,0.96,0.12,0.58,0.18,17653,10.304037094116211
0.61,0.78,0.41,0.43,1.07,0.95,0.12,0.58,0.18,17368,10.308034181594849
0.61,0.78,0.41,0.43,1.07,0.95,0.12,0.58,0.18,17093,10.308034181594849
0.61,0.78,0.41,0.43,1.07,0.96,0.12,0.58,0.18,16898,10.313033819198608
0.6,0.78,0.41,0.43,1.07,0.96,0.12,0.58,0.18,16995,10.316034317016602
0.58,0.78,0.41,0.42,1.07,0.95,0.11,0.58,0.18,17218,10.320239782333374
0.59,0.78,0.41,0.43,1.07,0.95,0.12,0.58,0.18,17023,10.32103419303894
0.6,0.78,0.41,0.44,1.08,0.95,0.12,0.58,0.18,17158,10.324213743209839
0.6,0.78,0.41,0.43,1.07,0.95,0.12,0.58,0.18,17379,10.328463077545166
0.59,0.78,0.41,0.43,1.07,0.95,0.12,0.58,0.18,17438,10.333157300949097
0.6,0.78,0.41,0.44,1.07,0.95,0.12,0.58,0.18,17503,10.333157300949097
0.61,0.78,0.41,0.43,1.07,0.96,0.12,0.58,0.18,17412,10.337181091308594
0.6,0.78,0.41,0.43,1.08,0.96,0.11,0.58,0.18,17055,10.341649770736694
0.6,0.78,0.41,0.43,1.08,0.95,0.11,0.58,0.18,16880,10.344780445098877
0.61,0.77,0.42,0.43,1.07,0.96,0.12,0.57,0.18,17379,10.345625400543213
0.61,0.78,0.41,0.43,1.08,0.95,0.12,0.58,0.18,17280,10.35010313987732
0.61,0.78,0.41,0.44,1.08,0.95,0.12,0.58,0.18,17067,10.353474617004395
0.62,0.78,0.41,0.43,1.07,0.95,0.12,0.58,0.18,16974,10.357645511627197
0.62,0.78,0.41,0.43,1.07,0.95,0.12,0.58,0.18,17137,10.357645511627197
0.62,0.78,0.41,0.43,1.07,0.95,0.12,0.58,0.18,17404,10.36210036277771
0.62,0.78,0.41,0.43,1.07,0.95,0.12,0.58,0.18,17359,10.364763736724854
0.62,0.78,0.41,0.44,1.08,0.95,0.12,0.58,0.18,17174,10.369460105895996
0.62,0.78,0.41,0.43,1.08,0.95,0.12,0.58,0.18,17277,10.373425722122192
0.62,0.78,0.41,0.44,1.07,0.95,0.12,0.58,0.18,17550,10.374212265014648
0.62,0.78,0.41,0.43,1.07,0.95,0.12,0.58,0.18,17195,10.378198862075806
0.62,0.78,0.41,0.43,1.08,0.95,0.12,0.59,0.18,17096,10.381621360778809
0.62,0.78,0.41,0.43,1.08,0.95,0.12,0.58,0.18,17447,10.385716915130615
0.62,0.78,0.41,0.44,1.07,0.95,0.12,0.58,0.18,17274,10.386889934539795
0.62,0.78,0.41,0.44,1.07,0.95,0.12,0.59,0.18,17047,10.389491081237793
0.63,0.78,0.41,0.44,1.07,0.95,0.12,0.58,0.18,16968,10.394392967224121
0.63,0.78,0.41,0.44,1.07,0.95,0.12,0.59,0.18,17089,10.398392915725708
0.62,0.79,0.41,0.44,1.07,0.95,0.12,0.59,0.18,16880,10.398392915725708
0.63,0.78,0.41,0.44,1.07,0.95,0.12,0.59,0.17,16685,10.402392387390137
0.62,0.78,0.41,0.43,1.07,0.95,0.12,0.58,0.18,16770,10.407416582107544
0.62,0.78,0.41,0.44,1.07,0.95,0.12,0.59,0.18,17345,10.409994125366211
0.62,0.78,0.41,0.43,1.07,0.95,0.12,0.58,0.18,17412,10.41104531288147
0.63,0.78,0.41,0.43,1.07,0.95,0.12,0.58,0.18,16517,10.414275407791138
0.62,0.78,0.41,0.44,1.07,0.95,0.12,0.58,0.18,16756,10.419138193130493
0.62,0.78,0.41,0.44,1.07,0.95,0.12,0.58,0.18,17467,10.422546863555908
0.62,0.78,0.41,0.43,1.07,0.95,0.11,0.58,0.17,17318,10.423300981521606
0.62,0.78,0.41,0.44,1.07,0.95,0.12,0.58,0.18,16855,10.426557540893555
0.62,0.78,0.41,0.44,1.07,0.95,0.12,0.59,0.18,17086,10.43127989768982
0.62,0.78,0.41,0.44,1.07,0.95,0.12,0.58,0.18,17263,10.434984922409058
0.62,0.78,0.4,0.43,1.07,0.95,0.12,0.58,0.18,16944,10.439035415649414
0.62,0.78,0.41,0.43,1.07,0.95,0.12,0.59,0.18,17435,10.439035415649414
0.62,0.78,0.41,0.44,1.07,0.95,0.12,0.59,0.18,17482,10.443049430847168
0.62,0.78,0.41,0.44,1.07,0.95,0.12,0.59,0.18,17447,10.447062492370605
0.62,0.78,0.41,0.44,1.07,0.95,0.12,0.59,0.18,17610,10.451242923736572
0.62,0.79,0.41,0.44,1.07,0.95,0.12,0.59,0.18,17843,10.452062845230103
0.62,0.78,0.41,0.44,1.07,0.95,0.12,0.59,0.18,17598,10.455536603927612
0.62,0.78,0.41,0.44,1.08,0.95,0.12,0.59,0.18,17659,10.460973739624023
0.62,0.78,0.41,0.44,1.08,0.95,0.12,0.58,0.18,17690,10.464086771011353
0.62,0.78,0.41,0.44,1.08,0.95,0.12,0.59,0.18,17185,10.464086771011353
0.62,0.78,0.41,0.44,1.07,0.95,0.12,0.59,0.18,17496,10.467434406280518
0.62,0.78,0.41,0.44,1.07,0.95,0.12,0.59,0.18,17597,10.472880363464355
0.62,0.78,0.41,0.44,1.07,0.95,0.12,0.59,0.18,17164,10.475865602493286
0.62,0.78,0.41,0.44,1.07,0.95,0.12,0.58,0.18,17051,10.475865602493286
0.62,0.79,0.41,0.44,1.07,0.95,0.12,0.59,0.18,17642,10.479902267456055
0.62,0.79,0.41,0.44,1.07,0.95,0.12,0.59,0.18,18077,10.483906269073486
0.62,0.79,0.41,0.44,1.07,0.95,0.12,0.59,0.18,17202,10.488086462020874
0.62,0.78,0.41,0.44,1.07,0.95,0.12,0.59,0.18,16837,10.489143133163452
0.62,0.79,0.41,0.44,1.07,0.95,0.12,0.58,0.18,17188,10.492238998413086
0.62,0.78,0.41,0.44,1.07,0.95,0.12,0.59,0.18,17491,10.49645209312439
0.62,0.79,0.41,0.44,1.07,0.95,0.12,0.59,0.18,17878,10.501035451889038
0.62,0.78,0.41,0.44,1.07,0.95,0.12,0.59,0.18,17911,10.501035451889038
0.62,0.78,0.4,0.44,1.07,0.95,0.12,0.59,0.18,17716,10.505046367645264
0.62,0.78,0.41,0.44,1.07,0.95,0.12,0.59,0.18,17485,10.509046077728271
0.62,0.78,0.41,0.44,1.07,0.94,0.12,0.59,0.17,17382,10.512609243392944
0.62,0.78,0.41,0.44,1.07,0.95,0.12,0.59,0.18,17191,10.51677942276001
0.62,0.79,0.41,0.44,1.07,0.95,0.12,0.59,0.18,17154,10.51677942276001
0.62,0.79,0.41,0.44,1.07,0.95,0.12,0.59,0.18,17511,10.520691633224487
0.62,0.78,0.41,0.44,1.07,0.95,0.12,0.59,0.18,17300,10.525014877319336
0.62,0.78,0.41,0.44,1.07,0.95,0.12,0.59,0.18,17141,10.529066324234009
0.62,0.78,0.41,0.44,1.07,0.95,0.12,0.59,0.18,17368,10.530144929885864
0.62,0.78,0.41,0.44,1.07,0.95,0.12,0.59,0.18,17467,10.532681703567505
0.62,0.78,0.41,0.44,1.08,0.95,0.12,0.59,0.18,17198,10.537726163864136
0.62,0.78,0.41,0.44,1.07,0.95,0.12,0.59,0.18,16713,10.540697813034058
0.62,0.79,0.41,0.44,1.08,0.95,0.12,0.59,0.18,17444,10.540697813034058
0.62,0.78,0.41,0.45,1.07,0.95,0.12,0.59,0.18,17465,10.545090913772583
0.62,0.78,0.41,0.44,1.07,0.95,0.12,0.59,0.18,17108,10.548964023590088
0.63,0.79,0.41,0.44,1.07,0.95,0.12,0.59,0.18,16891,10.553078651428223
0.62,0.79,0.4,0.44,1.07,0.95,0.12,0.59,0.18,16750,10.554078578948975
0.62,0.78,0.41,0.44,1.07,0.95,0.12,0.59,0.18,17177,10.557584285736084
0.62,0.78,0.41,0.44,1.07,0.95,0.12,0.59,0.18,17448,10.562488794326782
0.63,0.78,0.41,0.44,1.07,0.95,0.12,0.59,0.18,17541,10.565398216247559
0.63,0.78,0.41,0.44,1.07,0.95,0.12,0.59,0.18,17668,10.566432237625122
0.63,0.78,0.41,0.44,1.07,0.95,0.12,0.59,0.18,17829,10.57007360458374
0.63,0.79,0.41,0.44,1.07,0.95,0.12,0.59,0.18,17522,10.575076818466187
0.63,0.79,0.41,0.44,1.07,0.95,0.12,0.59,0.18,17283,10.578308343887329
0.63,0.79,0.41,0.44,1.08,0.95,0.12,0.59,0.18,17398,10.58201265335083
0.63,0.79,0.41,0.45,1.07,0.95,0.12,0.59,0.18,17397,10.582773923873901
0.63,0.78,0.41,0.44,1.07,0.95,0.12,0.59,0.18,17236,10.586850881576538
0.64,0.78,0.41,0.44,1.07,0.95,0.12,0.59,0.18,17013,10.590850830078125
0.63,0.78,0.41,0.44,1.07,0.95,0.12,0.59,0.18,17272,10.594296216964722
0.63,0.78,0.41,0.44,1.08,0.95,0.12,0.59,0.18,17079,10.594964981079102
0.63,0.78,0.41,0.44,1.08,0.95,0.12,0.59,0.18,17216,10.598950862884521
0.63,0.78,0.41,0.44,1.07,0.95,0.12,0.59,0.18,17201,10.603472709655762
0.63,0.78,0.41,0.44,1.07,0.95,0.12,0.59,0.18,17188,10.607596397399902
0.63,0.79,0.41,0.45,1.07,0.95,0.12,0.59,0.18,17567,10.607666492462158
0.63,0.79,0.41,0.44,1.07,0.95,0.12,0.59,0.18,16808,10.611990690231323
0.63,0.78,0.41,0.44,1.07,0.95,0.12,0.59,0.18,16771,10.616223096847534
0.63,0.78,0.41,0.45,1.07,0.95,0.12,0.59,0.18,17082,10.619519472122192
0.63,0.78,0.41,0.44,1.08,0.95,0.12,0.59,0.18,17215,10.619519472122192
0.63,0.78,0.41,0.45,1.07,0.95,0.12,0.59,0.18,17324,10.6237154006958
0.63,0.79,0.41,0.45,1.08,0.95,0.12,0.59,0.18,16995,10.62742805480957
0.63,0.79,0.41,0.45,1.07,0.95,0.12,0.59,0.18,16804,10.631165504455566
0.63,0.78,0.41,0.45,1.08,0.95,0.12,0.58,0.18,17423,10.632212400436401
0.63,0.78,0.41,0.44,1.07,0.95,0.12,0.59,0.18,17736,10.636155605316162
0.63,0.78,0.41,0.45,1.08,0.95,0.12,0.59,0.18,16975,10.64018440246582
0.63,0.78,0.41,0.45,1.07,0.95,0.12,0.59,0.18,17058,10.643478870391846
0.63,0.78,0.41,0.44,1.07,0.95,0.12,0.59,0.18,17165,10.647366762161255
0.64,0.78,0.41,0.45,1.07,0.95,0.12,0.59,0.18,17228,10.648103475570679
0.63,0.79,0.41,0.45,1.07,0.95,0.12,0.59,0.18,17053,10.65258002281189
0.63,0.79,0.41,0.45,1.07,0.95,0.12,0.59,0.18,17000,10.656622409820557
0.63,0.79,0.42,0.45,1.07,0.95,0.12,0.59,0.18,17107,10.659958124160767
0.64,0.79,0.42,0.44,1.08,0.95,0.12,0.59,0.18,16806,10.660598754882812
0.64,0.78,0.41,0.45,1.08,0.95,0.12,0.59,0.18,17233,10.664247512817383
0.63,0.78,0.41,0.44,1.07,0.95,0.12,0.59,0.18,17170,10.669225454330444
0.64,0.78,0.41,0.44,1.08,0.95,0.12,0.59,0.18,17523,10.672438144683838
0.63,0.78,0.41,0.44,1.08,0.95,0.12,0.59,0.18,17232,10.673238515853882
0.63,0.79,0.41,0.45,1.07,0.95,0.12,0.59,0.18,17139,10.676711320877075
0.64,0.78,0.41,0.45,1.08,0.95,0.12,0.59,0.18,17496,10.6807119846344
0.63,0.78,0.41,0.44,1.08,0.95,0.12,0.59,0.18,17359,10.684697151184082
0.63,0.78,0.41,0.45,1.08,0.95,0.12,0.59,0.18,16950,10.685729265213013
0.64,0.78,0.41,0.45,1.08,0.95,0.11,0.59,0.18,17017,10.688480377197266
0.64,0.78,0.42,0.45,1.08,0.95,0.12,0.59,0.18,16986,10.693565607070923
0.63,0.78,0.41,0.45,1.08,0.95,0.12,0.59,0.18,17149,10.696629524230957
0.64,0.78,0.41,0.45,1.07,0.95,0.12,0.59,0.18,16784,10.69756555557251
0.63,0.79,0.41,0.45,1.08,0.95,0.12,0.59,0.18,17051,10.700835943222046
0.64,0.78,0.41,0.45,1.07,0.95,0.12,0.59,0.18,17470,10.705589056015015
0.64,0.79,0.41,0.45,1.07,0.95,0.12,0.59,0.18,17257,10.709099769592285
0.63,0.79,0.41,0.45,1.07,0.95,0.12,0.59,0.17,16898,10.710147380828857
0.63,0.78,0.41,0.45,1.07,0.95,0.12,0.59,0.18,16953,10.714222431182861
0.63,0.78,0.41,0.45,1.07,0.95,0.12,0.59,0.18,16984,10.717500686645508
0.64,0.78,0.41,0.45,1.07,0.95,0.12,0.59,0.18,17381,10.722010374069214
0.64,0.79,0.41,0.45,1.07,0.95,0.12,0.59,0.18,17414,10.725261926651001
0.63,0.78,0.41,0.45,1.08,0.95,0.12,0.59,0.18,17087,10.726308107376099
0.64,0.79,0.41,0.45,1.07,0.95,0.12,0.59,0.18,17038,10.72929573059082
0.64,0.78,0.41,0.45,1.07,0.95,0.12,0.59,0.18,17143,10.73431944847107
0.63,0.79,0.41,0.44,1.07,0.95,0.13,0.59,0.18,17334,10.737863779067993
0.64,0.78,0.41,0.45,1.07,0.95,0.12,0.59,0.18,17321,10.738440036773682
0.63,0.79,0.41,0.45,1.07,0.95,0.12,0.59,0.18,17098,10.742416381835938
0.63,0.78,0.41,0.45,1.07,0.95,0.12,0.59,0.18,17401,10.745980262756348
0.64,0.78,0.41,0.45,1.07,0.95,0.12,0.59,0.18,17456,10.74997591972351
0.64,0.78,0.41,0.45,1.07,0.95,0.12,0.59,0.18,17151,10.750572443008423
0.64,0.79,0.41,0.45,1.07,0.95,0.12,0.59,0.18,17548,10.755047798156738
0.64,0.78,0.41,0.45,1.07,0.95,0.12,0.59,0.18,17713,10.758069038391113
0.63,0.78,0.41,0.45,1.07,0.95,0.12,0.6,0.18,17588,10.762069940567017
0.63,0.78,0.41,0.45,1.07,0.95,0.12,0.59,0.18,17183,10.762069940567017
0.64,0.78,0.41,0.45,1.07,0.95,0.12,0.6,0.18,17092,10.766484498977661
0.63,0.78,0.41,0.45,1.07,0.95,0.12,0.59,0.18,17505,10.771850824356079
0.64,0.78,0.41,0.45,1.07,0.95,0.12,0.59,0.18,17528,10.774571657180786
0.64,0.78,0.41,0.45,1.07,0.95,0.12,0.59,0.18,17045,10.774571657180786
0.64,0.78,0.41,0.45,1.07,0.95,0.12,0.59,0.18,17324,10.779720544815063
0.64,0.78,0.41,0.45,1.07,0.95,0.12,0.59,0.18,17497,10.783709287643433
0.64,0.78,0.41,0.44,1.07,0.95,0.12,0.59,0.18,16664,10.786998271942139
0.64,0.78,0.41,0.44,1.07,0.95,0.12,0.59,0.18,16993,10.787720203399658
0.63,0.78,0.41,0.44,1.08,0.95,0.12,0.59,0.18,16990,10.792225122451782
0.64,0.78,0.41,0.45,1.07,0.95,0.12,0.59,0.18,17121,10.795557260513306
0.63,0.78,0.42,0.45,1.07,0.95,0.12,0.59,0.18,17528,10.799629926681519
0.63,0.78,0.41,0.45,1.07,0.95,0.12,0.59,0.18,17163,10.800660610198975
0.63,0.79,0.41,0.45,1.07,0.95,0.12,0.59,0.18,16838,10.80368185043335
0.63,0.78,0.41,0.44,1.07,0.95,0.12,0.59,0.18,17131,10.807947158813477
0.63,0.78,0.41,0.44,1.06,0.95,0.12,0.59,0.18,17104,10.811946868896484
0.63,0.78,0.41,0.45,1.06,0.95,0.12,0.59,0.18,17467,10.81594705581665
0.63,0.78,0.41,0.44,1.07,0.94,0.12,0.59,0.18,17868,10.81594705581665
0.63,0.78,0.41,0.44,1.07,0.94,0.12,0.59,0.18,17313,10.819580316543579
0.63,0.78,0.41,0.44,1.07,0.94,0.12,0.59,0.18,16986,10.825117111206055
0.64,0.78,0.41,0.44,1.07,0.95,0.12,0.59,0.18,16887,10.827828168869019
0.64,0.78,0.41,0.44,1.07,0.95,0.12,0.59,0.18,17464,10.827828168869019
0.64,0.78,0.41,0.44,1.07,0.95,0.12,0.6,0.18,17459,10.833017826080322
0.64,0.78,0.41,0.45,1.07,0.95,0.12,0.59,0.18,16886,10.836685419082642
0.64,0.79,0.41,0.45,1.07,0.95,0.12,0.59,0.18,17047,10.840657234191895
0.64,0.78,0.41,0.44,1.07,0.95,0.12,0.59,0.18,16972,10.840657234191895
0.64,0.78,0.41,0.45,1.07,0.94,0.12,0.59,0.18,17023,10.84474492073059
0.64,0.78,0.41,0.44,1.07,0.94,0.12,0.59,0.18,17400,10.849794864654541
0.64,0.78,0.41,0.44,1.07,0.94,0.12,0.59,0.18,17783,10.853340864181519
0.64,0.78,0.41,0.45,1.07,0.94,0.12,0.6,0.18,17654,10.853340864181519
0.64,0.78,0.41,0.44,1.07,0.95,0.13,0.59,0.18,17295,10.856634855270386
0.64,0.78,0.41,0.44,1.07,0.95,0.11,0.59,0.18,17538,10.86137580871582
0.64,0.78,0.41,0.45,1.07,0.94,0.12,0.59,0.18,17849,10.86539101600647
0.64,0.78,0.41,0.44,1.07,0.94,0.12,0.59,0.18,17846,10.86539101600647
0.64,0.78,0.41,0.44,1.07,0.95,0.12,0.59,0.18,17703,10.868520975112915
0.64,0.78,0.41,0.45,1.07,0.95,0.12,0.59,0.18,17184,10.872801303863525
0.64,0.78,0.41,0.45,1.07,0.95,0.12,0.6,0.18,17187,10.877819299697876
0.64,0.78,0.41,0.45,1.07,0.95,0.12,0.6,0.18,17866,10.877819299697876
0.64,0.78,0.41,0.45,1.07,0.95,0.12,0.6,0.18,17611,10.881819486618042
0.64,0.78,0.41,0.45,1.07,0.95,0.12,0.59,0.18,16858,10.885794639587402
0.64,0.78,0.41,0.45,1.07,0.95,0.12,0.59,0.18,17151,10.889640808105469
0.64,0.78,0.41,0.45,1.07,0.95,0.12,0.59,0.18,17384,10.894016981124878
0.63,0.78,0.41,0.45,1.07,0.95,0.12,0.6,0.18,17189,10.894016981124878
0.64,0.78,0.41,0.44,1.07,0.94,0.12,0.6,0.18,17170,10.897647857666016
0.64,0.78,0.41,0.44,1.07,0.95,0.12,0.59,0.18,17373,10.901214599609375
0.63,0.78,0.41,0.44,1.07,0.95,0.12,0.6,0.18,17650,10.905507326126099
0.64,0.78,0.41,0.44,1.06,0.95,0.12,0.6,0.18,17579,10.906552791595459
0.64,0.79,0.41,0.45,1.07,0.95,0.12,0.6,0.18,17734,10.910041570663452
0.64,0.78,0.41,0.45,1.06,0.94,0.12,0.6,0.18,18005,10.915099859237671
0.63,0.78,0.41,0.45,1.06,0.95,0.12,0.6,0.18,17512,10.91826868057251
0.63,0.78,0.41,0.45,1.06,0.95,0.12,0.6,0.18,17041,10.919311761856079
0.64,0.79,0.41,0.44,1.07,0.95,0.12,0.6,0.18,17286,10.921400547027588
0.63,0.78,0.41,0.45,1.06,0.94,0.12,0.6,0.18,17211,10.92642855644226
0.62,0.79,0.41,0.45,1.07,0.95,0.12,0.6,0.18,17060,10.931101083755493
0.64,0.78,0.41,0.45,1.06,0.95,0.12,0.59,0.18,17191,10.931101083755493
0.63,0.78,0.41,0.45,1.07,0.95,0.12,0.59,0.18,17312,10.934083461761475
0.63,0.78,0.41,0.45,1.07,0.95,0.12,0.59,0.18,17501,10.939100503921509
0.63,0.78,0.41,0.45,1.06,0.95,0.12,0.59,0.18,17168,10.942488431930542
0.63,0.78,0.41,0.45,1.07,0.95,0.12,0.59,0.18,17149,10.943560123443604
0.63,0.79,0.41,0.45,1.07,0.95,0.12,0.6,0.18,17324,10.947540998458862
0.63,0.78,0.41,0.45,1.07,0.95,0.12,0.59,0.18,17179,10.951564311981201
0.64,0.79,0.42,0.45,1.07,0.95,0.12,0.6,0.18,17214,10.956063985824585
0.64,0.78,0.41,0.46,1.07,0.95,0.13,0.59,0.18,17101,10.956063985824585
0.64,0.78,0.41,0.45,1.07,0.95,0.12,0.59,0.18,17194,10.959078073501587
0.64,0.78,0.41,0.45,1.07,0.95,0.12,0.59,0.18,17323,10.964064121246338
0.64,0.78,0.41,0.45,1.07,0.94,0.12,0.59,0.18,17232,10.967685461044312
0.64,0.78,0.41,0.44,1.07,0.95,0.12,0.59,0.18,17107,10.971410036087036
0.64,0.78,0.41,0.45,1.07,0.95,0.12,0.6,0.18,17180,10.97196078300476
0.64,0.78,0.41,0.45,1.07,0.95,0.12,0.6,0.18,17445,10.975987195968628
0.64,0.78,0.41,0.45,1.07,0.95,0.12,0.6,0.18,17196,10.979609251022339
0.64,0.78,0.41,0.45,1.07,0.95,0.12,0.59,0.18,17395,10.984137058258057
0.64,0.78,0.41,0.45,1.07,0.95,0.12,0.59,0.18,17138,10.98518419265747
0.64,0.78,0.41,0.44,1.07,0.95,0.12,0.59,0.18,17471,10.987503290176392
0.64,0.78,0.41,0.44,1.07,0.94,0.12,0.59,0.18,17670,10.992256879806519
0.64,0.78,0.41,0.45,1.07,0.94,0.12,0.6,0.18,17417,10.996172666549683
0.64,0.78,0.41,0.45,1.07,0.95,0.12,0.6,0.18,17118,10.996680974960327
0.64,0.78,0.41,0.45,1.07,0.95,0.12,0.59,0.18,17013,11.000343322753906
0.64,0.78,0.41,0.44,1.07,0.95,0.12,0.59,0.18,16880,11.004352569580078
0.64,0.78,0.41,0.44,1.07,0.95,0.12,0.59,0.18,16829,11.008113861083984
0.63,0.78,0.41,0.44,1.07,0.95,0.12,0.59,0.18,17118,11.009113550186157
0.64,0.78,0.41,0.44,1.07,0.95,0.12,0.6,0.18,17459,11.012526512145996
0.64,0.78,0.41,0.44,1.07,0.95,0.12,0.59,0.18,17276,11.01720666885376
0.64,0.78,0.41,0.44,1.07,0.95,0.12,0.59,0.18,17271,11.020784378051758
0.64,0.78,0.41,0.44,1.07,0.95,0.12,0.6,0.18,16966,11.020784378051758
0.64,0.78,0.41,0.45,1.07,0.95,0.12,0.59,0.18,17069,11.024962902069092
0.64,0.79,0.41,0.44,1.07,0.95,0.12,0.59,0.18,17044,11.029013395309448
0.64,0.79,0.42,0.45,1.07,0.95,0.12,0.59,0.18,16439,11.033000946044922
0.64,0.79,0.41,0.44,1.07,0.95,0.12,0.6,0.18,16872,11.036792993545532
0.64,0.78,0.41,0.44,1.06,0.95,0.12,0.59,0.18,17029,11.037527322769165
0.63,0.79,0.41,0.44,1.07,0.95,0.12,0.59,0.18,16756,11.040860891342163
0.64,0.78,0.41,0.44,1.07,0.95,0.12,0.59,0.18,16517,11.045899868011475
0.64,0.78,0.41,0.44,1.07,0.95,0.12,0.59,0.18,16512,11.049044847488403
0.64,0.78,0.41,0.44,1.07,0.95,0.12,0.59,0.18,16865,11.049044847488403
0.64,0.78,0.41,0.44,1.07,0.95,0.12,0.59,0.18,17278,11.053138256072998
0.64,0.78,0.41,0.44,1.07,0.95,0.12,0.59,0.18,17083,11.057149648666382
0.64,0.78,0.41,0.44,1.07,0.95,0.12,0.6,0.18,16974,11.06114935874939
0.64,0.78,0.41,0.44,1.07,0.95,0.12,0.6,0.18,17103,11.062414407730103
0.64,0.78,0.41,0.44,1.07,0.95,0.12,0.6,0.18,17296,11.06547212600708
0.64,0.78,0.41,0.45,1.07,0.95,0.12,0.59,0.18,17493,11.069987297058105
0.63,0.78,0.41,0.45,1.07,0.95,0.12,0.6,0.18,17360,11.072988271713257
0.63,0.78,0.41,0.45,1.07,0.95,0.12,0.59,0.18,17243,11.073978185653687
0.64,0.78,0.41,0.44,1.07,0.95,0.12,0.6,0.18,17282,11.078029870986938
0.64,0.78,0.41,0.44,1.07,0.95,0.12,0.6,0.18,16701,11.082240581512451
0.64,0.78,0.41,0.44,1.07,0.95,0.12,0.6,0.18,17110,11.086236476898193
0.63,0.78,0.41,0.44,1.07,0.95,0.12,0.6,0.18,17641,11.086236476898193
0.64,0.78,0.41,0.44,1.07,0.95,0.12,0.6,0.18,17436,11.090806722640991
0.64,0.78,0.41,0.44,1.07,0.95,0.12,0.59,0.18,17195,11.094697952270508
0.63,0.78,0.41,0.44,1.06,0.95,0.12,0.6,0.18,17130,11.098685026168823
0.63,0.78,0.41,0.45,1.06,0.95,0.12,0.6,0.18,17453,11.098685026168823
0.64,0.79,0.41,0.44,1.06,0.95,0.12,0.6,0.18,17596,11.101666688919067
0.64,0.78,0.41,0.44,1.06,0.95,0.12,0.6,0.18,17595,11.106353759765625
0.64,0.78,0.41,0.45,1.06,0.95,0.12,0.6,0.18,17622,11.110838174819946
0.64,0.78,0.41,0.45,1.07,0.95,0.12,0.6,0.18,17623,11.113898515701294
0.64,0.79,0.41,0.45,1.07,0.95,0.12,0.59,0.18,17318,11.114898443222046
0.64,0.78,0.41,0.44,1.07,0.95,0.12,0.59,0.18,16645,11.118730068206787
0.64,0.78,0.41,0.44,1.07,0.95,0.12,0.6,0.18,16754,11.122985124588013
0.64,0.79,0.41,0.45,1.07,0.95,0.12,0.6,0.18,17045,11.127076625823975
0.63,0.79,0.41,0.44,1.06,0.95,0.12,0.59,0.18,17072,11.128018856048584
0.64,0.78,0.41,0.45,1.07,0.95,0.12,0.59,0.18,17257,11.131361961364746
0.64,0.78,0.41,0.45,1.07,0.95,0.12,0.6,0.18,17192,11.13538932800293
0.64,0.78,0.42,0.45,1.07,0.95,0.12,0.59,0.18,17105,11.139591217041016
0.64,0.78,0.41,0.44,1.07,0.95,0.12,0.6,0.18,17206,11.139591217041016
0.64,0.78,0.41,0.44,1.07,0.95,0.12,0.59,0.18,17489,11.143237113952637
0.64,0.78,0.41,0.45,1.07,0.95,0.12,0.59,0.18,17462,11.148027896881104
0.64,0.78,0.41,0.45,1.07,0.95,0.12,0.59,0.18,17787,11.15202784538269
0.64,0.78,0.41,0.45,1.07,0.95,0.12,0.6,0.18,17800,11.15202784538269
0.64,0.78,0.41,0.44,1.07,0.95,0.12,0.59,0.18,17787,11.156343221664429
0.64,0.78,0.41,0.45,1.07,0.95,0.12,0.6,0.18,17598,11.160342693328857
0.64,0.78,0.41,0.44,1.07,0.95,0.12,0.59,0.18,17809,11.163892269134521
0.64,0.78,0.41,0.45,1.07,0.95,0.12,0.59,0.18,17544,11.163892269134521
0.64,0.78,0.41,0.45,1.07,0.95,0.12,0.6,0.18,16987,11.168992280960083
0.64,0.78,0.41,0.45,1.07,0.95,0.12,0.59,0.18,17178,11.17207384109497
0.64,0.78,0.41,0.44,1.07,0.94,0.12,0.59,0.18,17129,11.177316427230835
0.64,0.78,0.41,0.45,1.07,0.95,0.11,0.59,0.18,17422,11.180322408676147
0.64,0.78,0.41,0.44,1.06,0.95,0.12,0.59,0.18,17527,11.180322408676147
0.65,0.78,0.41,0.44,1.07,0.95,0.12,0.59,0.18,17078,11.18439245223999
0.64,0.78,0.41,0.44,1.07,0.94,0.12,0.59,0.18,17201,11.18863558769226
0.64,0.78,0.42,0.44,1.07,0.95,0.12,0.59,0.18,17658,11.192620754241943
0.64,0.78,0.41,0.45,1.07,0.95,0.12,0.59,0.18,17263,11.192620754241943
0.64,0.78,0.41,0.44,1.07,0.95,0.12,0.6,0.18,16972,11.197358131408691
0.64,0.79,0.42,0.44,1.07,0.95,0.12,0.59,0.18,17193,11.201385021209717
0.64,0.78,0.41,0.44,1.07,0.95,0.12,0.59,0.17,17654,11.20500373840332
0.64,0.78,0.42,0.44,1.07,0.95,0.12,0.59,0.18,17369,11.206052780151367
0.64,0.78,0.42,0.44,1.07,0.95,0.12,0.59,0.18,17150,11.209394931793213
0.64,0.78,0.41,0.44,1.07,0.95,0.12,0.6,0.18,17207,11.21343731880188
0.64,0.78,0.41,0.44,1.07,0.95,0.12,0.59,0.18,17184,11.21744704246521
0.64,0.78,0.42,0.45,1.07,0.95,0.12,0.59,0.18,17101,11.21744704246521
0.64,0.78,0.42,0.45,1.07,0.95,0.12,0.59,0.18,17198,11.222017288208008
0.64,0.78,0.41,0.44,1.07,0.95,0.12,0.59,0.18,17675,11.226017236709595
0.64,0.78,0.41,0.45,1.08,0.94,0.13,0.59,0.18,17472,11.23001766204834
0.64,0.78,0.42,0.45,1.08,0.95,0.12,0.6,0.18,17107,11.231005907058716
0.64,0.78,0.41,0.44,1.07,0.94,0.12,0.59,0.18,17500,11.233016967773438
0.64,0.78,0.41,0.45,1.07,0.95,0.12,0.6,0.18,17669,11.237637996673584
0.64,0.78,0.41,0.44,1.08,0.95,0.12,0.59,0.18,17276,11.24167537689209
0.64,0.78,0.41,0.45,1.08,0.95,0.12,0.6,0.18,17019,11.24167537689209
0.64,0.78,0.41,0.44,1.07,0.95,0.12,0.59,0.18,16966,11.245516300201416
0.64,0.78,0.41,0.44,1.07,0.95,0.12,0.59,0.18,17379,11.249747514724731
0.64,0.78,0.41,0.44,1.08,0.95,0.12,0.59,0.18,17514,11.253758668899536
0.64,0.78,0.41,0.44,1.08,0.94,0.13,0.59,0.18,16925,11.25780439376831
0.64,0.78,0.41,0.44,1.08,0.94,0.12,0.59,0.18,16920,11.25880241394043
0.65,0.78,0.42,0.44,1.08,0.95,0.12,0.59,0.18,17163,11.262160778045654
0.64,0.78,0.41,0.44,1.08,0.95,0.12,0.59,0.18,17232,11.266202926635742
0.64,0.78,0.41,0.44,1.08,0.95,0.12,0.59,0.18,17257,11.270452737808228
0.64,0.78,0.41,0.44,1.08,0.95,0.12,0.59,0.18,16982,11.270452737808228
0.64,0.78,0.41,0.45,1.08,0.94,0.12,0.6,0.18,17015,11.274495124816895
0.64,0.78,0.41,0.45,1.07,0.95,0.12,0.59,0.19,17188,11.279171705245972
0.64,0.78,0.42,0.46,1.08,0.95,0.12,0.6,0.18,17057,11.283225059509277
0.64,0.78,0.41,0.45,1.08,0.95,0.12,0.59,0.18,16920,11.283225059509277
0.64,0.78,0.41,0.46,1.07,0.95,0.12,0.6,0.18,17219,11.286560773849487
0.64,0.78,0.41,0.45,1.08,0.95,0.12,0.6,0.18,17184,11.291256189346313
0.65,0.78,0.42,0.45,1.08,0.95,0.12,0.59,0.18,16913,11.29482388496399
0.65,0.78,0.41,0.46,1.08,0.95,0.12,0.6,0.18,17536,11.295868158340454
0.66,0.78,0.41,0.46,1.08,0.95,0.13,0.59,0.18,17097,11.29857850074768
0.65,0.78,0.41,0.45,1.08,0.94,0.12,0.6,0.18,17284,11.302841901779175
0.65,0.78,0.41,0.46,1.08,0.95,0.12,0.59,0.18,17415,11.307903289794922
0.65,0.78,0.41,0.46,1.07,0.95,0.12,0.6,0.18,16784,11.307903289794922
0.65,0.78,0.41,0.45,1.08,0.95,0.12,0.59,0.18,17103,11.3119637966156
0.65,0.78,0.41,0.45,1.08,0.95,0.12,0.59,0.18,17106,11.315379619598389
0.65,0.78,0.41,0.45,1.08,0.95,0.12,0.59,0.18,16799,11.319743394851685
0.65,0.78,0.41,0.46,1.08,0.95,0.12,0.59,0.18,16864,11.323139429092407
0.65,0.78,0.41,0.46,1.08,0.95,0.12,0.59,0.18,17137,11.324208736419678
0.64,0.78,0.41,0.45,1.08,0.95,0.12,0.6,0.18,17272,11.32769775390625
0.65,0.78,0.41,0.46,1.08,0.95,0.12,0.6,0.18,17423,11.332706928253174
0.66,0.78,0.41,0.47,1.08,0.95,0.12,0.6,0.18,17212,11.335954189300537
0.65,0.78,0.41,0.46,1.08,0.95,0.12,0.6,0.18,17639,11.335954189300537
0.65,0.78,0.41,0.46,1.08,0.95,0.12,0.59,0.18,17338,11.34080982208252
0.65,0.78,0.41,0.45,1.08,0.95,0.12,0.6,0.18,16951,11.344071626663208
0.65,0.78,0.41,0.46,1.08,0.94,0.12,0.6,0.18,17026,11.34826946258545
0.65,0.78,0.41,0.46,1.08,0.95,0.12,0.6,0.18,17707,11.349119424819946
0.65,0.78,0.41,0.45,1.08,0.95,0.11,0.6,0.18,17646,11.353151082992554
0.65,0.78,0.41,0.45,1.08,0.95,0.12,0.6,0.18,17317,11.35658049583435
0.65,0.78,0.41,0.45,1.08,0.95,0.12,0.6,0.18,17078,11.360631465911865
0.65,0.78,0.42,0.45,1.08,0.95,0.12,0.6,0.18,17397,11.360631465911865
0.65,0.78,0.41,0.45,1.08,0.95,0.12,0.6,0.18,17276,11.365033388137817
0.64,0.78,0.41,0.45,1.07,0.95,0.12,0.6,0.18,16899,11.370349884033203
0.65,0.78,0.41,0.46,1.08,0.95,0.12,0.6,0.18,17404,11.372827529907227
0.65,0.78,0.41,0.46,1.08,0.95,0.12,0.6,0.18,17643,11.372827529907227
0.65,0.78,0.41,0.46,1.08,0.95,0.12,0.6,0.19,17488,11.377834558486938
0.65,0.78,0.41,0.46,1.08,0.95,0.12,0.6,0.18,17211,11.381834983825684
0.65,0.78,0.41,0.46,1.08,0.95,0.12,0.6,0.18,16894,11.385833740234375
0.65,0.78,0.41,0.45,1.07,0.95,0.12,0.6,0.18,16987,11.389265775680542
0.65,0.78,0.41,0.46,1.08,0.95,0.12,0.6,0.18,17056,11.390309810638428
0.65,0.78,0.41,0.45,1.07,0.95,0.12,0.6,0.18,16891,11.393314361572266
0.65,0.78,0.41,0.45,1.07,0.95,0.12,0.6,0.18,17240,11.39830756187439
0.65,0.78,0.41,0.46,1.08,0.95,0.12,0.6,0.18,17197,11.401562452316284
0.65,0.78,0.41,0.45,1.07,0.95,0.12,0.6,0.18,16946,11.402308702468872
0.64,0.78,0.41,0.46,1.07,0.95,0.12,0.6,0.18,17111,11.406249523162842
0.65,0.78,0.41,0.45,1.07,0.95,0.12,0.6,0.18,17328,11.410251140594482
0.66,0.78,0.41,0.46,1.07,0.94,0.12,0.6,0.18,17725,11.413568019866943
0.65,0.78,0.41,0.46,1.07,0.94,0.12,0.6,0.18,17620,11.414264917373657
0.66,0.78,0.41,0.45,1.07,0.95,0.12,0.6,0.18,17279,11.418942928314209
0.65,0.78,0.41,0.45,1.07,0.95,0.12,0.6,0.18,17526,11.422544240951538
0.65,0.78,0.41,0.45,1.08,0.95,0.12,0.6,0.18,17545,11.425918102264404
0.65,0.78,0.41,0.46,1.08,0.95,0.12,0.6,0.18,17670,11.42697262763977
0.65,0.78,0.41,0.46,1.08,0.95,0.12,0.6,0.18,17441,11.430996656417847
0.65,0.78,0.41,0.46,1.07,0.95,0.12,0.6,0.18,17454,11.434996843338013
0.65,0.78,0.41,0.46,1.07,0.95,0.12,0.6,0.18,17049,11.43846344947815
0.65,0.78,0.41,0.46,1.07,0.95,0.12,0.6,0.18,17008,11.439504861831665
0.66,0.78,0.41,0.46,1.07,0.95,0.12,0.6,0.18,17401,11.442688941955566
0.65,0.78,0.41,0.46,1.07,0.95,0.12,0.6,0.18,17120,11.446646213531494
0.65,0.78,0.41,0.46,1.07,0.95,0.12,0.59,0.18,17529,11.450432538986206
0.65,0.78,0.41,0.46,1.07,0.95,0.12,0.59,0.18,16882,11.453998327255249
0.65,0.78,0.41,0.46,1.08,0.95,0.12,0.59,0.18,16775,11.455063343048096
0.65,0.78,0.41,0.46,1.08,0.95,0.12,0.59,0.18,17256,11.459250926971436
0.65,0.78,0.41,0.46,1.08,0.95,0.12,0.59,0.18,17061,11.463312149047852
0.65,0.78,0.42,0.46,1.07,0.95,0.12,0.6,0.18,16888,11.466772079467773
0.65,0.78,0.41,0.46,1.08,0.95,0.12,0.6,0.18,16965,11.467472076416016
0.65,0.78,0.41,0.45,1.08,0.95,0.12,0.6,0.18,17206,11.470736026763916
0.65,0.78,0.41,0.46,1.08,0.94,0.12,0.6,0.18,17365,11.476154565811157
0.66,0.78,0.42,0.46,1.08,0.95,0.12,0.6,0.18,17416,11.478639841079712
0.66,0.78,0.41,0.46,1.08,0.94,0.12,0.6,0.18,17351,11.479711055755615
0.65,0.78,0.41,0.45,1.08,0.94,0.12,0.6,0.18,17344,11.483379364013672
0.65,0.78,0.42,0.46,1.08,0.95,0.12,0.6,0.18,17515,11.488083124160767
0.65,0.78,0.41,0.46,1.08,0.95,0.12,0.6,0.18,17324,11.491225957870483
0.65,0.78,0.42,0.46,1.07,0.95,0.12,0.6,0.18,16903,11.492403268814087
0.65,0.78,0.41,0.46,1.08,0.95,0.12,0.6,0.18,17188,11.49614667892456
0.65,0.78,0.41,0.46,1.08,0.95,0.12,0.59,0.18,17397,11.499662160873413
0.65,0.78,0.41,0.46,1.07,0.95,0.12,0.6,0.18,17184,11.503695487976074
0.65,0.78,0.41,0.46,1.08,0.95,0.12,0.6,0.18,17565,11.503695487976074
0.66,0.78,0.41,0.46,1.08,0.95,0.12,0.6,0.18,17478,11.507934093475342
0.65,0.78,0.41,0.45,1.08,0.95,0.12,0.6,0.18,17449,11.51281213760376
0.65,0.78,0.41,0.46,1.08,0.95,0.12,0.6,0.18,17394,11.516988277435303
0.65,0.78,0.41,0.45,1.08,0.95,0.12,0.59,0.18,17127,11.516988277435303
0.66,0.78,0.41,0.46,1.08,0.95,0.12,0.6,0.18,17154,11.520987749099731
0.65,0.78,0.41,0.45,1.08,0.95,0.12,0.6,0.18,17377,11.524988174438477
0.65,0.78,0.42,0.46,1.08,0.95,0.12,0.59,0.18,17436,11.528647184371948
0.66,0.78,0.41,0.46,1.08,0.95,0.12,0.6,0.18,17347,11.532311201095581
0.65,0.78,0.41,0.46,1.08,0.95,0.12,0.6,0.18,17054,11.532838344573975
0.65,0.78,0.41,0.46,1.08,0.95,0.12,0.59,0.18,17311,11.536826610565186
0.66,0.78,0.41,0.46,1.08,0.95,0.12,0.59,0.18,17178,11.54082703590393
0.65,0.77,0.41,0.46,1.08,0.95,0.12,0.59,0.18,17155,11.544439792633057
0.65,0.77,0.41,0.46,1.08,0.95,0.12,0.6,0.18,17262,11.54546046257019
0.65,0.77,0.41,0.45,1.08,0.95,0.12,0.59,0.18,17401,11.548905372619629
0.66,0.78,0.41,0.46,1.08,0.95,0.12,0.6,0.18,17480,11.552909851074219
0.66,0.78,0.41,0.46,1.08,0.95,0.12,0.6,0.18,17171,11.557293891906738
0.65,0.78,0.41,0.46,1.08,0.95,0.12,0.59,0.18,17294,11.558292627334595
0.65,0.78,0.41,0.46,1.08,0.95,0.12,0.6,0.18,17237,11.56129264831543
0.66,0.78,0.41,0.46,1.07,0.95,0.12,0.6,0.18,17626,11.56615686416626
0.66,0.78,0.41,0.46,1.08,0.95,0.12,0.6,0.18,17737,11.569498777389526
0.65,0.78,0.41,0.46,1.08,0.95,0.12,0.6,0.18,17448,11.569498777389526
0.65,0.78,0.41,0.45,1.08,0.95,0.12,0.6,0.18,17399,11.573225498199463
0.65,0.78,0.41,0.45,1.08,0.95,0.12,0.6,0.18,17460,11.577562093734741
0.65,0.78,0.41,0.46,1.07,0.95,0.12,0.6,0.18,17093,11.581438064575195
0.65,0.78,0.41,0.45,1.08,0.95,0.12,0.6,0.18,17338,11.581438064575195
0.65,0.78,0.41,0.45,1.08,0.95,0.12,0.6,0.18,17299,11.586973190307617
0.65,0.78,0.41,0.46,1.08,0.95,0.12,0.6,0.18,17298,11.589972019195557
0.65,0.78,0.42,0.46,1.08,0.95,0.12,0.6,0.18,17027,11.594082355499268
0.65,0.78,0.41,0.46,1.08,0.95,0.12,0.6,0.18,16942,11.598074674606323
0.65,0.78,0.42,0.46,1.08,0.95,0.13,0.59,0.18,17545,11.598973274230957
0.65,0.77,0.41,0.46,1.08,0.95,0.12,0.59,0.18,17652,11.602972984313965
0.65,0.78,0.41,0.46,1.08,0.95,0.12,0.59,0.18,17501,11.60662841796875
0.65,0.78,0.41,0.46,1.08,0.95,0.12,0.6,0.18,17498,11.610215663909912
0.65,0.78,0.41,0.47,1.08,0.95,0.12,0.6,0.18,16957,11.61096453666687
0.65,0.78,0.41,0.46,1.08,0.95,0.12,0.6,0.18,17128,11.615257978439331
0.65,0.78,0.41,0.46,1.08,0.95,0.12,0.59,0.18,17661,11.618705987930298
0.65,0.78,0.41,0.46,1.08,0.95,0.12,0.6,0.18,17168,11.62271523475647
0.65,0.78,0.41,0.46,1.08,0.95,0.12,0.6,0.18,16969,11.62271523475647
0.65,0.78,0.41,0.46,1.08,0.94,0.12,0.6,0.17,16872,11.627089023590088
0.65,0.78,0.41,0.46,1.07,0.95,0.12,0.59,0.18,17297,11.632088899612427
0.65,0.78,0.41,0.46,1.08,0.95,0.12,0.6,0.18,17104,11.635100603103638
0.65,0.78,0.41,0.46,1.08,0.95,0.12,0.59,0.18,17041,11.636064052581787
0.65,0.78,0.41,0.46,1.08,0.95,0.12,0.59,0.18,16904,11.63908839225769
0.65,0.78,0.41,0.46,1.08,0.95,0.12,0.59,0.18,17017,11.64408826828003
0.65,0.78,0.42,0.46,1.08,0.95,0.12,0.6,0.18,17374,11.647384881973267
0.65,0.78,0.41,0.46,1.07,0.95,0.12,0.6,0.18,17191,11.648393630981445
0.65,0.78,0.41,0.46,1.07,0.95,0.12,0.6,0.18,17140,11.651552677154541
0.65,0.78,0.41,0.46,1.07,0.95,0.12,0.6,0.18,16847,11.655625343322754
0.65,0.78,0.41,0.46,1.08,0.95,0.12,0.6,0.18,16876,11.659751415252686
0.66,0.78,0.41,0.46,1.07,0.95,0.12,0.6,0.18,17057,11.659751415252686
0.65,0.78,0.41,0.46,1.07,0.95,0.12,0.6,0.18,17092,11.663455486297607
0.65,0.78,0.42,0.46,1.07,0.95,0.12,0.6,0.18,17269,11.667763710021973
0.65,0.78,0.41,0.46,1.07,0.95,0.12,0.6,0.18,17072,11.67195987701416
0.65,0.78,0.41,0.46,1.07,0.95,0.12,0.6,0.18,17509,11.675997018814087
0.65,0.78,0.41,0.46,1.07,0.95,0.13,0.6,0.18,17542,11.677180051803589
0.65,0.78,0.41,0.46,1.07,0.95,0.13,0.59,0.18,17361,11.68017840385437
0.65,0.78,0.41,0.46,1.07,0.95,0.12,0.6,0.18,17062,11.685230731964111
0.64,0.78,0.41,0.46,1.07,0.95,0.12,0.6,0.18,16977,11.688055276870728
0.65,0.78,0.41,0.46,1.07,0.95,0.12,0.6,0.18,17446,11.689098358154297
0.65,0.78,0.41,0.46,1.07,0.95,0.12,0.6,0.18,17309,11.691571712493896
0.65,0.78,0.41,0.46,1.07,0.95,0.12,0.6,0.18,17228,11.697163581848145
0.65,0.78,0.41,0.46,1.07,0.95,0.12,0.6,0.18,17259,11.700126647949219
0.65,0.78,0.41,0.46,1.07,0.95,0.12,0.6,0.18,17226,11.70112943649292
0.65,0.78,0.41,0.46,1.07,0.95,0.12,0.6,0.18,17519,11.705140113830566
0.65,0.78,0.41,0.46,1.07,0.95,0.12,0.6,0.18,17622,11.709131002426147
0.65,0.78,0.41,0.46,1.07,0.94,0.12,0.59,0.18,17615,11.712071180343628
0.65,0.78,0.41,0.46,1.07,0.95,0.12,0.6,0.18,17350,11.713134527206421
0.65,0.78,0.42,0.46,1.07,0.95,0.12,0.6,0.18,17459,11.717400074005127
0.65,0.78,0.41,0.47,1.07,0.95,0.12,0.6,0.18,17610,11.720977544784546
0.64,0.78,0.41,0.46,1.07,0.95,0.12,0.6,0.18,17331,11.725156307220459
0.65,0.78,0.41,0.46,1.07,0.95,0.12,0.6,0.18,17176,11.725969791412354
0.65,0.78,0.41,0.46,1.08,0.95,0.12,0.6,0.18,17427,11.72996973991394
0.65,0.78,0.41,0.46,1.07,0.95,0.12,0.6,0.18,17408,11.733969926834106
0.65,0.78,0.41,0.46,1.07,0.95,0.12,0.6,0.18,16977,11.737372159957886
0.65,0.78,0.41,0.46,1.07,0.95,0.12,0.6,0.18,16934,11.741457223892212
0.65,0.78,0.41,0.46,1.07,0.95,0.12,0.6,0.18,17115,11.741457223892212
0.65,0.79,0.41,0.46,1.07,0.95,0.12,0.6,0.18,17038,11.746216058731079
0.65,0.78,0.41,0.46,1.07,0.95,0.13,0.6,0.18,17355,11.750256299972534
0.65,0.78,0.41,0.46,1.07,0.95,0.12,0.6,0.18,17414,11.753559112548828
0.65,0.78,0.41,0.46,1.07,0.95,0.12,0.6,0.18,17065,11.754263639450073
0.65,0.78,0.41,0.46,1.07,0.95,0.12,0.6,0.18,17016,11.757566928863525
0.65,0.79,0.41,0.46,1.07,0.95,0.12,0.6,0.18,17281,11.763185501098633
0.65,0.78,0.41,0.46,1.07,0.95,0.12,0.6,0.18,17652,11.766185522079468
0.65,0.78,0.41,0.46,1.07,0.95,0.12,0.6,0.18,17457,11.766185522079468
0.65,0.78,0.41,0.46,1.07,0.95,0.12,0.6,0.18,17622,11.769829750061035
0.65,0.78,0.41,0.46,1.07,0.95,0.12,0.6,0.18,17647,11.77476978302002
0.65,0.78,0.41,0.46,1.07,0.95,0.12,0.6,0.18,17500,11.778351545333862
0.65,0.78,0.41,0.46,1.07,0.95,0.12,0.6,0.18,17325,11.778351545333862
0.65,0.78,0.41,0.46,1.08,0.95,0.12,0.6,0.18,17342,11.782042503356934
0.65,0.78,0.41,0.46,1.08,0.95,0.12,0.59,0.18,17191,11.7870352268219
0.65,0.78,0.41,0.45,1.08,0.95,0.12,0.6,0.18,17180,11.790011882781982
0.65,0.78,0.42,0.46,1.08,0.95,0.12,0.6,0.18,17193,11.791011571884155
0.65,0.78,0.41,0.46,1.08,0.95,0.12,0.6,0.18,17602,11.795117378234863
0.65,0.78,0.41,0.46,1.08,0.95,0.12,0.6,0.18,17533,11.798876285552979
0.65,0.78,0.41,0.46,1.07,0.95,0.12,0.59,0.18,17368,11.802989482879639
0.65,0.78,0.41,0.46,1.08,0.95,0.12,0.6,0.18,17015,11.803927898406982
0.65,0.78,0.41,0.46,1.08,0.95,0.12,0.6,0.18,17050,11.806572914123535
0.65,0.78,0.42,0.46,1.08,0.95,0.12,0.6,0.18,17217,11.81185007095337
0.65,0.78,0.41,0.46,1.08,0.95,0.12,0.6,0.18,17308,11.81488299369812
0.65,0.78,0.42,0.46,1.08,0.95,0.12,0.59,0.18,17223,11.819149494171143
0.65,0.78,0.41,0.46,1.07,0.95,0.12,0.6,0.18,17194,11.819883346557617
0.65,0.78,0.41,0.46,1.07,0.95,0.12,0.59,0.18,17471,11.823380470275879
0.65,0.78,0.41,0.46,1.08,0.95,0.13,0.6,0.18,17254,11.828028917312622
0.65,0.78,0.41,0.46,1.08,0.95,0.12,0.6,0.18,17313,11.831520557403564
0.65,0.79,0.41,0.47,1.08,0.95,0.13,0.6,0.18,17220,11.832567930221558
0.65,0.79,0.41,0.47,1.08,0.95,0.12,0.6,0.18,17321,11.835758209228516
0.65,0.78,0.41,0.46,1.08,0.95,0.12,0.6,0.18,17416,11.840214014053345
0.65,0.78,0.41,0.46,1.08,0.95,0.12,0.6,0.18,17519,11.844212055206299
0.65,0.78,0.41,0.46,1.07,0.95,0.12,0.6,0.18,17888,11.845223665237427
0.65,0.78,0.41,0.46,1.07,0.95,0.12,0.6,0.18,17747,11.84857726097107
0.65,0.78,0.41,0.46,1.08,0.95,0.12,0.6,0.18,16956,11.852553367614746
0.65,0.78,0.41,0.46,1.07,0.95,0.12,0.6,0.18,17041,11.855902194976807
0.65,0.78,0.41,0.46,1.07,0.95,0.13,0.6,0.18,17160,11.856622219085693
0.65,0.78,0.42,0.46,1.07,0.95,0.12,0.6,0.18,16819,11.860984325408936
0.65,0.78,0.41,0.46,1.08,0.95,0.12,0.6,0.18,16996,11.864400625228882
0.65,0.78,0.41,0.46,1.07,0.95,0.12,0.6,0.18,17387,11.868224859237671
0.64,0.78,0.41,0.46,1.08,0.95,0.12,0.6,0.18,17528,11.869266033172607
0.65,0.78,0.41,0.46,1.08,0.95,0.12,0.6,0.18,17557,11.872899532318115
0.65,0.78,0.41,0.46,1.07,0.95,0.12,0.6,0.18,17228,11.877012729644775
0.65,0.78,0.41,0.46,1.07,0.95,0.12,0.6,0.18,17603,11.881012678146362
0.65,0.79,0.41,0.46,1.07,0.95,0.13,0.6,0.18,17448,11.881012678146362
0.65,0.78,0.41,0.46,1.07,0.95,0.12,0.6,0.18,17293,11.885180473327637
0.65,0.79,0.41,0.46,1.07,0.95,0.12,0.6,0.18,17460,11.8887300491333
0.65,0.78,0.41,0.46,1.07,0.95,0.12,0.6,0.18,17643,11.893783807754517
0.65,0.78,0.41,0.46,1.08,0.95,0.13,0.6,0.18,17192,11.893783807754517
0.65,0.78,0.41,0.46,1.07,0.95,0.13,0.6,0.18,17339,11.897440671920776
0.65,0.78,0.41,0.46,1.07,0.95,0.12,0.6,0.18,17362,11.901545286178589
0.65,0.78,0.41,0.46,1.07,0.95,0.12,0.6,0.18,17329,11.90554666519165
0.65,0.78,0.41,0.46,1.07,0.95,0.12,0.6,0.18,17092,11.908420085906982
0.65,0.78,0.41,0.46,1.07,0.95,0.12,0.6,0.18,16569,11.9095458984375
0.65,0.78,0.41,0.46,1.07,0.95,0.12,0.6,0.18,16454,11.913396835327148
0.65,0.78,0.41,0.46,1.07,0.95,0.12,0.6,0.18,17087,11.917417526245117
0.65,0.79,0.41,0.46,1.07,0.95,0.12,0.6,0.18,17400,11.921432495117188
0.65,0.79,0.41,0.46,1.07,0.95,0.12,0.6,0.18,16687,11.92244577407837
0.65,0.79,0.41,0.46,1.07,0.95,0.12,0.6,0.18,16600,11.926032781600952
0.65,0.79,0.41,0.46,1.07,0.95,0.12,0.6,0.18,17105,11.93090033531189
0.65,0.78,0.41,0.46,1.07,0.95,0.12,0.6,0.18,17242,11.933880805969238
0.65,0.79,0.41,0.46,1.07,0.95,0.12,0.6,0.18,17193,11.93445086479187
0.65,0.79,0.41,0.46,1.07,0.95,0.12,0.6,0.18,17368,11.937762260437012
0.65,0.78,0.41,0.45,1.07,0.95,0.12,0.6,0.18,17555,11.943082094192505
0.66,0.78,0.4,0.46,1.07,0.95,0.12,0.6,0.18,17732,11.946706056594849
0.65,0.78,0.41,0.46,1.07,0.95,0.12,0.6,0.18,17959,11.946706056594849
0.65,0.78,0.41,0.46,1.07,0.95,0.12,0.6,0.18,18068,11.950757265090942
0.65,0.78,0.41,0.46,1.07,0.95,0.13,0.6,0.18,17447,11.954819679260254
0.65,0.79,0.41,0.46,1.07,0.95,0.13,0.6,0.18,17142,11.959133625030518
0.65,0.79,0.41,0.46,1.07,0.95,0.14,0.6,0.18,16917,11.959133625030518
0.65,0.78,0.41,0.46,1.07,0.95,0.13,0.6,0.18,17508,11.962654113769531
0.65,0.78,0.41,0.46,1.07,0.95,0.12,0.6,0.18,17555,11.966830730438232
0.65,0.78,0.41,0.46,1.07,0.95,0.12,0.6,0.18,17308,11.97212839126587
0.65,0.79,0.41,0.46,1.07,0.95,0.13,0.6,0.18,17483,11.972213745117188
0.65,0.79,0.41,0.45,1.07,0.95,0.13,0.6,0.18,17266,11.975258588790894
0.65,0.79,0.41,0.46,1.07,0.95,0.13,0.6,0.18,17497,11.979618310928345
0.65,0.79,0.41,0.46,1.07,0.95,0.12,0.6,0.18,17268,11.982743740081787
0.65,0.78,0.41,0.46,1.07,0.95,0.12,0.6,0.18,16745,11.982743740081787
0.65,0.78,0.41,0.46,1.07,0.95,0.13,0.6,0.17,16666,11.987424612045288
0.65,0.79,0.41,0.46,1.07,0.95,0.12,0.6,0.18,17453,11.991612434387207
0.65,0.78,0.41,0.46,1.07,0.95,0.12,0.6,0.18,17708,11.995608806610107
0.65,0.78,0.41,0.46,1.07,0.95,0.12,0.6,0.18,17717,11.999778747558594
0.64,0.79,0.41,0.45,1.07,0.95,0.13,0.59,0.18,17494,11.999778747558594
0.65,0.78,0.41,0.46,1.07,0.95,0.12,0.6,0.18,17033,12.003275394439697
0.65,0.78,0.41,0.46,1.07,0.95,0.13,0.6,0.18,16994,12.008018493652344
0.65,0.78,0.41,0.46,1.07,0.95,0.12,0.6,0.18,17325,12.012089967727661
0.65,0.78,0.41,0.46,1.07,0.95,0.12,0.6,0.18,17002,12.013016939163208
0.65,0.79,0.41,0.46,1.07,0.95,0.12,0.59,0.18,16891,12.015006065368652
0.65,0.79,0.41,0.46,1.07,0.95,0.12,0.6,0.18,17262,12.02068567276001
0.64,0.78,0.41,0.46,1.07,0.95,0.12,0.6,0.18,17109,12.023683309555054
0.64,0.78,0.41,0.46,1.07,0.95,0.12,0.6,0.18,17376,12.024699449539185
0.65,0.79,0.41,0.45,1.07,0.95,0.12,0.6,0.18,17313,12.028083562850952
0.65,0.79,0.41,0.46,1.07,0.95,0.12,0.6,0.18,17488,12.03197979927063
0.65,0.78,0.41,0.46,1.07,0.95,0.13,0.6,0.18,17293,12.036452770233154
0.64,0.78,0.41,0.46,1.07,0.95,0.12,0.6,0.18,16934,12.037444591522217
0.65,0.79,0.41,0.46,1.07,0.95,0.12,0.6,0.18,17057,12.040443897247314
0.65,0.79,0.4,0.46,1.07,0.95,0.13,0.6,0.17,17426,12.044453620910645
0.65,0.79,0.41,0.46,1.07,0.95,0.12,0.6,0.18,17219,12.04844331741333
0.65,0.79,0.41,0.46,1.07,0.95,0.12,0.6,0.18,17140,12.04844331741333
0.65,0.79,0.41,0.46,1.07,0.96,0.12,0.6,0.18,17349,12.052414417266846
0.64,0.78,0.41,0.46,1.07,0.95,0.12,0.6,0.18,17306,12.056764602661133
0.65,0.78,0.41,0.46,1.07,0.95,0.12,0.6,0.18,17123,12.06075644493103
0.65,0.79,0.41,0.46,1.07,0.95,0.12,0.6,0.18,16996,12.064913988113403
0.64,0.78,0.41,0.46,1.08,0.95,0.12,0.6,0.18,16965,12.064913988113403
0.65,0.78,0.41,0.46,1.07,0.95,0.12,0.6,0.18,16886,12.068911075592041
0.65,0.78,0.41,0.46,1.07,0.95,0.12,0.6,0.18,17203,12.073609828948975
0.64,0.78,0.41,0.46,1.07,0.95,0.12,0.6,0.18,17484,12.077379941940308
0.65,0.78,0.41,0.46,1.07,0.95,0.12,0.6,0.18,17405,12.077379941940308
0.65,0.78,0.41,0.46,1.07,0.95,0.12,0.6,0.18,17008,12.081630229949951
0.65,0.79,0.41,0.46,1.08,0.95,0.12,0.6,0.18,16855,12.085504531860352
0.64,0.78,0.41,0.46,1.07,0.95,0.12,0.6,0.18,17042,12.08902645111084
0.65,0.78,0.41,0.46,1.07,0.95,0.12,0.6,0.18,17215,12.090522289276123
0.64,0.78,0.41,0.46,1.07,0.95,0.12,0.59,0.18,17466,12.093701124191284
0.64,0.78,0.41,0.46,1.07,0.95,0.12,0.6,0.18,17201,12.098305225372314
0.65,0.78,0.41,0.46,1.07,0.95,0.12,0.6,0.18,17306,12.101840257644653
0.65,0.78,0.41,0.46,1.07,0.95,0.12,0.6,0.18,17847,12.1027090549469
0.64,0.78,0.41,0.46,1.07,0.95,0.12,0.6,0.18,17522,12.106204509735107
0.64,0.78,0.41,0.46,1.07,0.95,0.12,0.6,0.18,17391,12.110498666763306
0.65,0.78,0.41,0.46,1.07,0.95,0.12,0.6,0.18,17388,12.114508867263794
0.65,0.78,0.41,0.46,1.07,0.95,0.12,0.6,0.18,17217,12.114508867263794
0.65,0.78,0.41,0.46,1.07,0.95,0.12,0.6,0.18,17526,12.11951231956482
0.65,0.78,0.41,0.46,1.07,0.95,0.12,0.6,0.18,17199,12.12206482887268
0.65,0.78,0.41,0.46,1.07,0.95,0.12,0.59,0.18,17062,12.127030372619629
0.64,0.78,0.41,0.46,1.07,0.95,0.12,0.6,0.18,17463,12.130545854568481
0.65,0.78,0.41,0.46,1.07,0.95,0.12,0.6,0.18,17118,12.131451845169067
0.65,0.78,0.41,0.46,1.07,0.95,0.12,0.6,0.18,16869,12.134951114654541
0.65,0.78,0.41,0.46,1.07,0.95,0.12,0.6,0.18,17112,12.139447212219238
0.65,0.78,0.41,0.46,1.07,0.95,0.12,0.6,0.18,17229,12.142967462539673
0.65,0.78,0.41,0.46,1.07,0.95,0.12,0.6,0.18,17692,12.142967462539673
0.65,0.78,0.41,0.46,1.07,0.95,0.12,0.59,0.18,17377,12.147972106933594
0.65,0.78,0.41,0.46,1.07,0.95,0.12,0.6,0.18,17366,12.152000665664673
0.65,0.78,0.41,0.46,1.07,0.95,0.12,0.6,0.18,17309,12.155099868774414
0.65,0.78,0.41,0.46,1.07,0.95,0.12,0.6,0.18,17126,12.156156539916992
0.65,0.78,0.41,0.46,1.07,0.95,0.12,0.6,0.18,17005,12.159509420394897
0.65,0.78,0.41,0.46,1.07,0.95,0.12,0.6,0.18,17144,12.163504838943481
0.65,0.78,0.41,0.46,1.08,0.95,0.12,0.6,0.18,17379,12.167885541915894
0.65,0.78,0.41,0.46,1.07,0.95,0.12,0.6,0.18,17152,12.167885541915894
0.65,0.78,0.41,0.46,1.07,0.95,0.12,0.6,0.18,17411,12.171107530593872
0.65,0.78,0.41,0.46,1.07,0.95,0.13,0.6,0.18,17330,12.175585269927979
0.65,0.79,0.41,0.46,1.07,0.95,0.12,0.6,0.18,17527,12.179888010025024
0.65,0.78,0.41,0.46,1.07,0.95,0.12,0.59,0.18,17030,12.179888010025024
0.65,0.78,0.41,0.46,1.07,0.95,0.12,0.6,0.18,16757,12.183545112609863
0.65,0.78,0.41,0.46,1.07,0.95,0.12,0.6,0.18,16982,12.187278032302856
0.64,0.78,0.41,0.46,1.07,0.95,0.13,0.6,0.18,17155,12.19227409362793
0.65,0.78,0.41,0.47,1.07,0.95,0.12,0.6,0.18,16894,12.193276643753052
0.65,0.78,0.41,0.46,1.07,0.95,0.13,0.6,0.18,16593,12.196273565292358
0.65,0.78,0.41,0.46,1.07,0.95,0.12,0.6,0.18,17022,12.20027494430542
0.65,0.78,0.41,0.46,1.07,0.95,0.12,0.6,0.18,16943,12.204138040542603
0.64,0.78,0.41,0.46,1.07,0.95,0.12,0.6,0.18,16990,12.208083391189575
0.65,0.78,0.41,0.46,1.08,0.95,0.12,0.6,0.18,17481,12.209125757217407
0.65,0.78,0.41,0.46,1.08,0.95,0.12,0.6,0.18,17522,12.212117671966553
0.65,0.78,0.41,0.46,1.08,0.95,0.12,0.6,0.18,17683,12.21712350845337
0.64,0.78,0.41,0.46,1.08,0.95,0.12,0.6,0.18,17370,12.220113754272461
0.65,0.78,0.41,0.46,1.07,0.95,0.12,0.6,0.18,16933,12.22112512588501
0.64,0.78,0.41,0.46,1.07,0.95,0.12,0.6,0.18,17082,12.22453236579895
0.64,0.78,0.41,0.46,1.08,0.95,0.12,0.6,0.18,17343,12.228703022003174
0.65,0.78,0.41,0.46,1.07,0.95,0.12,0.6,0.18,17124,12.232706308364868
0.65,0.78,0.41,0.46,1.08,0.95,0.12,0.6,0.18,16921,12.232706308364868
0.65,0.78,0.41,0.46,1.07,0.95,0.12,0.6,0.18,17198,12.236850500106812
0.65,0.78,0.41,0.46,1.07,0.95,0.12,0.6,0.18,17523,12.241104364395142
0.64,0.78,0.41,0.46,1.07,0.95,0.12,0.6,0.18,17400,12.24554443359375
0.64,0.79,0.41,0.46,1.07,0.95,0.13,0.6,0.18,17427,12.24554443359375
0.65,0.79,0.41,0.46,1.08,0.95,0.13,0.6,0.18,17438,12.249544620513916
0.64,0.78,0.41,0.46,1.07,0.95,0.12,0.6,0.18,17545,12.253145217895508
0.65,0.78,0.41,0.46,1.07,0.95,0.13,0.6,0.18,17096,12.257563352584839
0.64,0.78,0.41,0.46,1.07,0.95,0.12,0.6,0.18,17023,12.258557319641113
0.64,0.78,0.41,0.46,1.07,0.95,0.12,0.6,0.18,17240,12.261574983596802
0.64,0.78,0.41,0.46,1.07,0.95,0.12,0.6,0.18,17443,12.265416383743286
0.65,0.78,0.41,0.46,1.07,0.95,0.13,0.6,0.18,17140,12.269774913787842
0.65,0.78,0.41,0.46,1.07,0.95,0.13,0.6,0.18,16919,12.273271560668945
0.65,0.79,0.41,0.46,1.07,0.95,0.12,0.6,0.18,17588,12.274295806884766
0.65,0.78,0.41,0.46,1.07,0.95,0.13,0.6,0.18,17387,12.277283668518066
0.65,0.78,0.41,0.46,1.07,0.95,0.12,0.6,0.18,17158,12.282292127609253
0.64,0.78,0.41,0.45,1.07,0.95,0.12,0.6,0.18,16613,12.286450147628784
0.65,0.78,0.41,0.46,1.07,0.95,0.12,0.6,0.18,16706,12.286450147628784
0.65,0.78,0.41,0.46,1.07,0.95,0.13,0.6,0.18,17401,12.290386199951172
0.65,0.78,0.41,0.46,1.07,0.95,0.12,0.6,0.18,17398,12.29455852508545
0.65,0.78,0.41,0.46,1.07,0.95,0.12,0.6,0.18,17129,12.297616243362427
0.65,0.78,0.41,0.46,1.07,0.95,0.13,0.6,0.18,17542,12.298534393310547
0.65,0.78,0.41,0.46,1.07,0.95,0.12,0.6,0.18,17451,12.30354642868042
0.65,0.78,0.41,0.46,1.07,0.95,0.13,0.6,0.18,17110,12.306557655334473
0.65,0.78,0.41,0.46,1.08,0.95,0.13,0.6,0.18,17079,12.31084418296814
0.64,0.78,0.42,0.46,1.07,0.95,0.12,0.6,0.18,17222,12.311901569366455
0.65,0.78,0.41,0.46,1.08,0.95,0.12,0.6,0.18,17281,12.315178394317627
0.64,0.78,0.41,0.46,1.07,0.95,0.12,0.59,0.18,17134,12.318592309951782
0.65,0.78,0.41,0.47,1.07,0.95,0.12,0.6,0.18,17189,12.323262929916382
0.65,0.78,0.41,0.46,1.08,0.95,0.13,0.6,0.18,17438,12.324237823486328
0.64,0.78,0.41,0.46,1.07,0.95,0.12,0.6,0.18,17403,12.326725721359253
0.65,0.78,0.41,0.46,1.08,0.95,0.13,0.6,0.18,17144,12.330775260925293
0.65,0.78,0.41,0.46,1.08,0.95,0.12,0.6,0.18,17031,12.334758758544922
0.65,0.78,0.41,0.46,1.08,0.95,0.12,0.6,0.18,16798,12.335761547088623
0.65,0.78,0.41,0.46,1.08,0.95,0.12,0.6,0.18,17233,12.3397696018219
0.65,0.78,0.41,0.46,1.08,0.95,0.12,0.6,0.18,16664,12.343238592147827
0.65,0.78,0.41,0.46,1.08,0.95,0.12,0.6,0.18,16375,12.347520589828491
0.65,0.78,0.41,0.47,1.08,0.95,0.12,0.6,0.18,17354,12.351259469985962
0.64,0.78,0.41,0.47,1.08,0.95,0.12,0.6,0.18,17603,12.351837396621704
0.65,0.78,0.41,0.47,1.08,0.95,0.13,0.6,0.18,16964,12.356341123580933
0.65,0.79,0.41,0.46,1.07,0.95,0.12,0.6,0.18,17133,12.359896659851074
0.66,0.78,0.41,0.47,1.07,0.95,0.12,0.6,0.18,17428,12.36389684677124
0.65,0.78,0.41,0.46,1.08,0.95,0.12,0.6,0.18,17369,12.364907264709473
0.65,0.78,0.41,0.46,1.08,0.95,0.12,0.6,0.18,17206,12.367906093597412
0.65,0.78,0.41,0.46,1.08,0.95,0.12,0.59,0.18,17423,12.373344659805298
0.65,0.78,0.41,0.46,1.07,0.95,0.12,0.6,0.18,17346,12.375365257263184
0.65,0.78,0.41,0.46,1.08,0.95,0.12,0.6,0.18,17335,12.376388788223267
0.65,0.78,0.41,0.47,1.08,0.95,0.12,0.6,0.17,17144,12.380388975143433
0.65,0.78,0.41,0.47,1.07,0.95,0.12,0.6,0.18,16997,12.384379863739014
0.65,0.78,0.41,0.46,1.08,0.95,0.13,0.6,0.18,17030,12.388390302658081
0.65,0.78,0.41,0.47,1.07,0.95,0.12,0.6,0.18,17249,12.389420747756958
0.65,0.78,0.41,0.46,1.07,0.95,0.12,0.6,0.18,17264,12.392706632614136
0.65,0.78,0.41,0.46,1.07,0.95,0.12,0.6,0.18,17417,12.39670705795288
0.65,0.78,0.41,0.46,1.07,0.95,0.12,0.6,0.18,17308,12.400966882705688
0.65,0.78,0.41,0.47,1.08,0.95,0.13,0.6,0.18,17661,12.400966882705688
0.65,0.78,0.41,0.47,1.07,0.95,0.13,0.6,0.18,17306,12.406000137329102
0.65,0.79,0.41,0.46,1.07,0.95,0.12,0.6,0.18,17487,12.409414291381836
0.65,0.78,0.41,0.47,1.07,0.95,0.13,0.6,0.18,17988,12.41344690322876
0.65,0.78,0.41,0.47,1.07,0.95,0.13,0.6,0.18,17501,12.417106628417969
0.65,0.78,0.41,0.47,1.07,0.95,0.13,0.6,0.18,17090,12.417587041854858
0.65,0.78,0.41,0.47,1.07,0.95,0.13,0.6,0.18,17247,12.421581029891968
0.65,0.78,0.41,0.47,1.07,0.95,0.13,0.6,0.18,17418,12.426814317703247
0.64,0.77,0.41,0.47,1.08,0.95,0.12,0.6,0.19,17597,12.429100036621094
0.65,0.78,0.41,0.47,1.07,0.95,0.12,0.6,0.18,17888,12.4298255443573
0.65,0.78,0.41,0.46,1.07,0.95,0.12,0.6,0.18,17457,12.433801174163818
0.65,0.78,0.41,0.47,1.07,0.95,0.13,0.6,0.18,17732,12.438255071640015
0.64,0.78,0.41,0.46,1.08,0.95,0.12,0.6,0.18,17519,12.441912651062012
0.64,0.78,0.41,0.47,1.07,0.95,0.12,0.6,0.17,17440,12.442963123321533
0.64,0.78,0.41,0.47,1.07,0.95,0.13,0.6,0.18,17129,12.445775270462036
0.65,0.79,0.41,0.47,1.07,0.95,0.13,0.6,0.18,17422,12.45067286491394
0.65,0.78,0.41,0.47,1.07,0.95,0.12,0.6,0.18,17043,12.454193830490112
0.64,0.78,0.41,0.47,1.07,0.95,0.13,0.6,0.18,16728,12.454987525939941
0.65,0.78,0.41,0.47,1.08,0.95,0.13,0.6,0.18,17221,12.459255456924438
0.65,0.78,0.41,0.47,1.07,0.95,0.13,0.6,0.18,17680,12.463256120681763
0.65,0.78,0.41,0.47,1.07,0.95,0.13,0.61,0.18,17737,12.46652102470398
0.65,0.78,0.42,0.47,1.07,0.95,0.13,0.6,0.18,17472,12.467386960983276
0.65,0.78,0.41,0.47,1.07,0.95,0.13,0.6,0.18,17515,12.471400022506714
0.65,0.78,0.41,0.47,1.07,0.95,0.13,0.6,0.18,17270,12.474866151809692
0.65,0.78,0.41,0.47,1.07,0.95,0.13,0.6,0.18,17365,12.478832960128784
0.65,0.78,0.41,0.47,1.07,0.95,0.13,0.6,0.18,17038,12.482526540756226
0.65,0.79,0.41,0.47,1.07,0.95,0.12,0.6,0.18,17215,12.482526540756226
0.65,0.78,0.41,0.47,1.07,0.95,0.13,0.6,0.18,17314,12.487415790557861
0.65,0.78,0.41,0.46,1.08,0.95,0.13,0.6,0.18,17445,12.49076247215271
0.65,0.78,0.41,0.47,1.07,0.95,0.13,0.6,0.18,17468,12.495096921920776
0.65,0.78,0.41,0.46,1.07,0.95,0.13,0.6,0.18,17177,12.495795011520386
0.65,0.78,0.41,0.47,1.07,0.95,0.13,0.6,0.18,17374,12.499072074890137
0.65,0.78,0.41,0.47,1.07,0.95,0.13,0.6,0.18,17189,12.503824472427368
0.65,0.78,0.41,0.47,1.07,0.95,0.13,0.6,0.18,17022,12.507204532623291
0.65,0.78,0.41,0.46,1.06,0.95,0.13,0.6,0.18,17011,12.507800340652466
0.65,0.79,0.4,0.46,1.07,0.95,0.12,0.6,0.18,17258,12.512208700180054
0.65,0.78,0.41,0.47,1.07,0.95,0.13,0.6,0.18,17249,12.515432119369507
0.65,0.78,0.41,0.47,1.07,0.95,0.13,0.6,0.18,17358,12.519494771957397
0.65,0.78,0.41,0.47,1.07,0.95,0.12,0.6,0.18,17251,12.520548343658447
0.65,0.78,0.41,0.46,1.07,0.95,0.13,0.6,0.18,17304,12.523767948150635
0.65,0.78,0.41,0.47,1.07,0.95,0.13,0.6,0.18,17325,12.528682231903076
0.66,0.78,0.41,0.47,1.07,0.95,0.13,0.6,0.18,17500,12.53176760673523
0.65,0.78,0.41,0.46,1.07,0.95,0.13,0.6,0.18,17805,12.532814264297485
0.65,0.78,0.41,0.47,1.07,0.95,0.13,0.6,0.18,17744,12.535487174987793
0.65,0.78,0.41,0.47,1.07,0.95,0.13,0.6,0.18,16833,12.540749788284302
0.65,0.78,0.41,0.47,1.08,0.95,0.13,0.6,0.18,16894,12.544749736785889
0.66,0.78,0.41,0.47,1.07,0.95,0.13,0.6,0.18,17227,12.544749736785889
0.65,0.78,0.41,0.47,1.07,0.95,0.13,0.6,0.18,17296,12.54774260520935
0.65,0.78,0.41,0.46,1.07,0.95,0.13,0.6,0.18,17239,12.552749872207642
0.66,0.78,0.41,0.47,1.07,0.95,0.13,0.6,0.18,17026,12.556832075119019
0.65,0.78,0.41,0.47,1.08,0.95,0.12,0.6,0.18,16963,12.560174226760864
0.65,0.78,0.41,0.47,1.07,0.95,0.13,0.6,0.18,17094,12.56120228767395
0.65,0.78,0.41,0.47,1.07,0.95,0.13,0.6,0.18,17215,12.563949823379517
0.65,0.78,0.41,0.46,1.07,0.95,0.13,0.6,0.18,17552,12.568949222564697
0.65,0.78,0.41,0.46,1.07,0.95,0.13,0.6,0.18,17493,12.573140382766724
0.65,0.78,0.41,0.47,1.07,0.95,0.12,0.6,0.18,17452,12.573140382766724
0.66,0.78,0.41,0.47,1.07,0.95,0.13,0.6,0.18,17739,12.576652765274048
0.65,0.78,0.41,0.46,1.07,0.95,0.13,0.6,0.18,17408,12.58112645149231
0.65,0.78,0.41,0.46,1.07,0.95,0.13,0.6,0.18,17255,12.58526611328125
0.65,0.78,0.41,0.47,1.07,0.95,0.13,0.6,0.18,17498,12.58526611328125
0.65,0.78,0.41,0.47,1.07,0.95,0.13,0.6,0.18,17581,12.58916425704956
0.65,0.78,0.41,0.46,1.07,0.95,0.13,0.6,0.18,16714,12.593156576156616
0.65,0.78,0.41,0.46,1.07,0.95,0.13,0.6,0.18,16613,12.597282886505127
0.65,0.78,0.41,0.46,1.07,0.95,0.13,0.6,0.18,16930,12.597282886505127
0.65,0.78,0.41,0.47,1.07,0.95,0.13,0.6,0.18,16997,12.601559162139893
0.65,0.78,0.41,0.47,1.07,0.95,0.12,0.6,0.18,17280,12.60555911064148
0.65,0.78,0.41,0.47,1.07,0.95,0.13,0.6,0.18,17407,12.609559059143066
0.65,0.77,0.41,0.47,1.07,0.95,0.13,0.6,0.18,17480,12.61054801940918
0.65,0.78,0.41,0.47,1.07,0.95,0.13,0.6,0.18,17171,12.614536046981812
0.65,0.78,0.41,0.47,1.07,0.95,0.13,0.6,0.18,17064,12.617899656295776
0.65,0.78,0.41,0.47,1.07,0.95,0.13,0.6,0.18,17123,12.623000621795654
0.65,0.78,0.41,0.47,1.07,0.95,0.13,0.6,0.18,17114,12.625568151473999
0.65,0.78,0.41,0.46,1.07,0.95,0.13,0.6,0.18,17367,12.626612901687622
0.65,0.78,0.41,0.47,1.07,0.95,0.13,0.6,0.18,17408,12.63070011138916
0.65,0.77,0.41,0.47,1.07,0.95,0.13,0.6,0.18,17347,12.634512901306152
0.66,0.78,0.41,0.47,1.07,0.95,0.13,0.6,0.18,17620,12.638132095336914
0.65,0.78,0.41,0.47,1.07,0.95,0.13,0.6,0.18,17441,12.638842105865479
0.65,0.78,0.41,0.47,1.07,0.95,0.13,0.6,0.18,17074,12.642842054367065
0.65,0.78,0.41,0.47,1.07,0.95,0.13,0.6,0.18,17067,12.647046089172363
0.65,0.78,0.41,0.47,1.07,0.95,0.12,0.6,0.18,17470,12.650891542434692
0.65,0.78,0.41,0.47,1.07,0.95,0.13,0.6,0.18,17253,12.650891542434692
0.66,0.78,0.41,0.47,1.07,0.95,0.13,0.6,0.18,17356,12.65480089187622
0.66,0.78,0.41,0.47,1.08,0.95,0.13,0.6,0.18,17651,12.659092426300049
0.66,0.78,0.41,0.46,1.08,0.95,0.13,0.6,0.18,17198,12.663340091705322
0.65,0.78,0.41,0.47,1.08,0.95,0.12,0.6,0.18,17117,12.664345502853394
0.65,0.78,0.41,0.47,1.08,0.95,0.13,0.6,0.18,16828,12.667707204818726
0.65,0.78,0.41,0.47,1.07,0.95,0.13,0.6,0.18,16813,12.672030210494995
0.65,0.78,0.41,0.47,1.07,0.95,0.13,0.6,0.18,17540,12.675583124160767
0.65,0.78,0.4,0.46,1.07,0.95,0.13,0.6,0.18,17747,12.675583124160767
0.65,0.77,0.41,0.47,1.07,0.95,0.13,0.6,0.18,17608,12.679583311080933
0.65,0.78,0.41,0.47,1.08,0.95,0.13,0.6,0.18,17875,12.683626890182495
0.65,0.77,0.41,0.47,1.08,0.96,0.12,0.6,0.18,17874,12.688111543655396
0.65,0.78,0.41,0.47,1.08,0.96,0.13,0.6,0.18,17879,12.691411018371582
0.65,0.77,0.41,0.47,1.08,0.95,0.13,0.6,0.18,17346,12.692456722259521
0.66,0.78,0.41,0.47,1.08,0.95,0.13,0.6,0.17,17335,12.696457386016846
0.65,0.77,0.41,0.47,1.08,0.95,0.12,0.6,0.18,17448,12.700834274291992
0.65,0.78,0.41,0.47,1.07,0.95,0.13,0.61,0.18,17211,12.704004526138306
0.65,0.78,0.41,0.47,1.08,0.95,0.13,0.6,0.18,17196,12.70481014251709
0.65,0.78,0.41,0.47,1.08,0.95,0.12,0.6,0.18,17715,12.70782470703125
0.66,0.77,0.41,0.47,1.07,0.95,0.13,0.6,0.18,17418,12.712809801101685
0.65,0.77,0.41,0.47,1.07,0.95,0.13,0.6,0.18,17229,12.716081380844116
0.65,0.77,0.41,0.47,1.07,0.95,0.13,0.6,0.18,17220,12.71681022644043
0.65,0.78,0.41,0.47,1.07,0.95,0.13,0.6,0.18,17033,12.721134424209595
0.65,0.77,0.41,0.47,1.07,0.95,0.13,0.6,0.18,17286,12.724562644958496
0.66,0.78,0.41,0.47,1.07,0.95,0.12,0.6,0.18,17323,12.728833675384521
0.65,0.78,0.41,0.47,1.08,0.95,0.13,0.6,0.18,17198,12.728833675384521
0.65,0.77,0.41,0.47,1.08,0.95,0.13,0.6,0.18,17167,12.731894731521606
0.66,0.77,0.41,0.47,1.08,0.95,0.13,0.6,0.18,17166,12.737340211868286
0.65,0.77,0.41,0.47,1.08,0.95,0.13,0.6,0.18,17371,12.74093770980835
0.66,0.77,0.41,0.47,1.08,0.95,0.13,0.6,0.18,17294,12.74191927909851
0.66,0.77,0.41,0.47,1.08,0.95,0.13,0.6,0.18,17441,12.745302438735962
0.66,0.77,0.41,0.47,1.08,0.95,0.13,0.6,0.18,17586,12.74929404258728
0.66,0.77,0.41,0.47,1.08,0.95,0.13,0.6,0.17,17663,12.752689838409424
0.65,0.77,0.41,0.47,1.08,0.95,0.13,0.6,0.18,17524,12.753705739974976
0.65,0.77,0.41,0.47,1.08,0.95,0.13,0.6,0.18,17413,12.757839679718018
0.65,0.77,0.41,0.47,1.08,0.95,0.12,0.6,0.18,17302,12.76142430305481
0.65,0.77,0.41,0.47,1.08,0.95,0.13,0.6,0.18,16645,12.76565957069397
0.66,0.77,0.41,0.47,1.08,0.95,0.12,0.6,0.18,16908,12.768966913223267
0.65,0.77,0.41,0.47,1.08,0.95,0.13,0.6,0.18,17271,12.769684076309204
0.65,0.77,0.41,0.47,1.08,0.95,0.13,0.6,0.18,17362,12.773729085922241
0.66,0.77,0.41,0.47,1.08,0.95,0.13,0.6,0.18,17391,12.777842044830322
0.65,0.77,0.41,0.47,1.08,0.95,0.12,0.6,0.18,17230,12.78177785873413
0.66,0.77,0.41,0.48,1.08,0.95,0.13,0.6,0.18,17517,12.78177785873413
0.65,0.77,0.41,0.47,1.08,0.95,0.13,0.6,0.18,17836,12.78589940071106
0.65,0.77,0.41,0.47,1.08,0.95,0.12,0.6,0.18,17431,12.790777444839478
0.65,0.77,0.41,0.47,1.08,0.95,0.12,0.6,0.18,17264,12.79514455795288
0.65,0.78,0.41,0.47,1.08,0.96,0.13,0.6,0.18,17637,12.79514455795288
0.65,0.77,0.41,0.47,1.08,0.95,0.12,0.6,0.18,17198,12.798156976699829
0.65,0.77,0.41,0.47,1.08,0.95,0.13,0.6,0.18,16733,12.802148342132568
0.65,0.77,0.41,0.46,1.08,0.95,0.12,0.6,0.18,16932,12.806711435317993
0.65,0.77,0.41,0.48,1.08,0.95,0.13,0.6,0.18,17137,12.806711435317993
0.65,0.77,0.41,0.47,1.09,0.95,0.13,0.61,0.18,17336,12.810697793960571
0.65,0.77,0.41,0.47,1.08,0.95,0.13,0.6,0.18,17245,12.814697742462158
0.65,0.77,0.41,0.47,1.08,0.95,0.13,0.6,0.18,17430,12.818783283233643
0.65,0.77,0.41,0.47,1.08,0.95,0.13,0.6,0.18,17925,12.819686889648438
0.65,0.77,0.41,0.46,1.08,0.95,0.13,0.6,0.18,17812,12.82250690460205
0.65,0.77,0.41,0.47,1.08,0.95,0.13,0.6,0.18,17451,12.827638626098633
0.65,0.77,0.41,0.47,1.08,0.95,0.13,0.6,0.18,17318,12.831374168395996
0.65,0.77,0.41,0.47,1.08,0.95,0.13,0.6,0.18,17443,12.83508825302124
0.65,0.77,0.41,0.47,1.08,0.95,0.12,0.6,0.18,17350,12.835916757583618
0.65,0.77,0.41,0.47,1.08,0.95,0.13,0.6,0.18,17131,12.839861631393433
0.65,0.77,0.42,0.47,1.08,0.95,0.13,0.6,0.18,17238,12.84386134147644
0.65,0.77,0.41,0.47,1.08,0.95,0.12,0.6,0.18,17467,12.847131967544556
0.65,0.77,0.41,0.47,1.07,0.95,0.13,0.6,0.18,17226,12.847862005233765
0.65,0.77,0.41,0.47,1.08,0.95,0.12,0.61,0.18,17027,12.852036714553833
0.65,0.77,0.41,0.47,1.08,0.95,0.13,0.6,0.18,17242,12.855373620986938
0.65,0.77,0.41,0.47,1.08,0.95,0.12,0.6,0.18,17347,12.85943078994751
0.65,0.77,0.41,0.47,1.08,0.95,0.13,0.6,0.18,17242,12.860147953033447
0.65,0.77,0.42,0.47,1.07,0.95,0.13,0.6,0.18,17249,12.86419129371643
0.65,0.77,0.41,0.47,1.08,0.95,0.13,0.6,0.18,17086,12.869035243988037
0.65,0.77,0.42,0.47,1.08,0.95,0.13,0.6,0.18,17255,12.872030973434448
0.65,0.77,0.41,0.47,1.08,0.95,0.12,0.6,0.18,17288,12.872030973434448
0.65,0.77,0.41,0.47,1.07,0.95,0.13,0.6,0.18,17151,12.876469850540161
0.65,0.77,0.42,0.47,1.08,0.95,0.13,0.6,0.18,17108,12.880569458007812
0.65,0.77,0.41,0.47,1.07,0.95,0.13,0.6,0.18,17031,12.88430380821228
0.65,0.77,0.42,0.47,1.08,0.95,0.12,0.6,0.18,17082,12.885096311569214
0.65,0.77,0.41,0.47,1.08,0.95,0.13,0.6,0.18,17297,12.887738943099976
0.65,0.77,0.41,0.47,1.07,0.95,0.13,0.6,0.18,16964,12.89295482635498
0.66,0.77,0.41,0.47,1.08,0.95,0.13,0.6,0.18,17309,12.895949363708496
0.65,0.77,0.41,0.47,1.08,0.95,0.13,0.6,0.18,17178,12.895949363708496
0.65,0.77,0.41,0.47,1.08,0.95,0.13,0.6,0.18,17041,12.900990009307861
0.65,0.77,0.41,0.47,1.08,0.95,0.12,0.6,0.18,17476,12.904452085494995
0.65,0.77,0.41,0.47,1.08,0.95,0.13,0.6,0.18,17649,12.909053325653076
0.65,0.77,0.41,0.47,1.08,0.95,0.13,0.6,0.18,17036,12.909053325653076
0.65,0.77,0.42,0.47,1.07,0.95,0.13,0.6,0.18,16847,12.912572145462036
0.65,0.77,0.42,0.47,1.07,0.95,0.12,0.6,0.18,16726,12.91707468032837
0.65,0.77,0.41,0.46,1.08,0.95,0.12,0.6,0.18,16911,12.921068668365479
0.66,0.77,0.42,0.47,1.08,0.95,0.12,0.6,0.18,16934,12.925071239471436
0.65,0.77,0.42,0.47,1.08,0.95,0.13,0.6,0.18,16921,12.925429344177246
0.65,0.77,0.42,0.47,1.08,0.95,0.13,0.6,0.18,16736,12.9294273853302
0.66,0.77,0.41,0.47,1.07,0.95,0.13,0.6,0.18,16913,12.933427333831787
0.65,0.77,0.41,0.47,1.07,0.95,0.12,0.6,0.18,17334,12.9374258518219
0.65,0.77,0.41,0.47,1.08,0.96,0.12,0.6,0.18,17215,12.9374258518219
0.65,0.77,0.41,0.47,1.08,0.95,0.13,0.6,0.18,16854,12.941425085067749
0.64,0.77,0.41,0.47,1.08,0.96,0.13,0.6,0.18,17337,12.945512533187866
0.65,0.77,0.42,0.47,1.08,0.96,0.12,0.6,0.18,17496,12.949512004852295
0.65,0.77,0.42,0.47,1.08,0.96,0.12,0.6,0.18,17033,12.949512004852295
0.65,0.77,0.42,0.47,1.08,0.96,0.12,0.6,0.18,16726,12.953510999679565
0.66,0.77,0.41,0.47,1.07,0.96,0.13,0.6,0.18,17237,12.957517147064209
0.66,0.77,0.41,0.47,1.07,0.96,0.12,0.6,0.18,17172,12.961516380310059
0.65,0.77,0.41,0.47,1.07,0.96,0.12,0.6,0.18,17335,12.961516380310059
0.65,0.77,0.41,0.47,1.07,0.96,0.12,0.6,0.18,17374,12.965513944625854
0.64,0.77,0.41,0.47,1.07,0.96,0.12,0.6,0.18,17391,12.969992399215698
0.65,0.77,0.41,0.46,1.08,0.96,0.12,0.6,0.18,16934,12.974219799041748
0.65,0.77,0.41,0.47,1.08,0.95,0.12,0.6,0.18,16687,12.97476840019226
0.64,0.77,0.42,0.46,1.08,0.96,0.12,0.61,0.18,16842,12.978790521621704
0.64,0.77,0.42,0.46,1.08,0.96,0.12,0.6,0.18,17687,12.982781171798706
0.63,0.78,0.41,0.46,1.08,0.96,0.11,0.6,0.18,18008,12.987080097198486
0.63,0.77,0.41,0.46,1.08,0.95,0.12,0.6,0.17,17249,12.987080097198486
0.63,0.77,0.41,0.46,1.08,0.96,0.12,0.6,0.18,16778,12.990163564682007
0.62,0.77,0.41,0.45,1.08,0.96,0.11,0.6,0.18,17621,12.994547605514526
0.62,0.77,0.41,0.44,1.08,0.95,0.12,0.6,0.19,17962,12.998759984970093
0.61,0.77,0.41,0.43,1.08,0.95,0.13,0.6,0.18,17879,13.002774477005005
0.61,0.77,0.41,0.43,1.08,0.95,0.12,0.6,0.19,17532,13.002774477005005
0.58,0.77,0.42,0.43,1.08,0.95,0.13,0.6,0.19,17567,13.006773948669434
0.57,0.77,0.41,0.44,1.09,0.95,0.12,0.6,0.18,17354,13.011784315109253
0.57,0.77,0.41,0.42,1.08,0.96,0.12,0.6,0.18,17407,13.015062808990479
0.55,0.77,0.41,0.41,1.08,0.96,0.12,0.6,0.18,17100,13.016101360321045
0.55,0.77,0.41,0.41,1.08,0.96,0.11,0.6,0.18,17203,13.01909327507019
0.53,0.77,0.41,0.42,1.08,0.96,0.12,0.6,0.18,17546,13.024142503738403
0.57,0.77,0.41,0.41,1.08,0.96,0.1,0.6,0.18,17545,13.027133464813232
0.54,0.77,0.4,0.39,1.08,0.96,0.12,0.61,0.18,17112,13.02814507484436
0.56,0.77,0.41,0.38,1.08,0.96,0.13,0.61,0.18,17147,13.031184434890747
0.57,0.77,0.41,0.39,1.09,0.96,0.13,0.61,0.18,17274,13.03593134880066
0.53,0.76,0.41,0.37,1.08,0.96,0.12,0.61,0.19,17119,13.040027618408203
0.54,0.77,0.4,0.35,1.08,0.96,0.12,0.61,0.19,16942,13.040027618408203
0.55,0.77,0.4,0.35,1.08,0.96,0.12,0.61,0.19,17419,13.044000148773193
0.51,0.76,0.4,0.35,1.08,0.96,0.12,0.6,0.19,17752,13.048028230667114
0.5,0.77,0.4,0.34,1.08,0.96,0.12,0.6,0.19,17585,13.051993608474731
0.43,0.77,0.4,0.34,1.08,0.96,0.11,0.6,0.19,17580,13.052995204925537
0.44,0.77,0.4,0.35,1.08,0.96,0.12,0.6,0.19,17387,13.056030511856079
0.4,0.77,0.41,0.32,1.08,0.96,0.1,0.6,0.19,17594,13.060052156448364
0.42,0.77,0.42,0.33,1.08,0.95,0.1,0.6,0.2,17163,13.064064979553223
0.41,0.77,0.41,0.32,1.07,0.96,0.12,0.6,0.2,17324,13.064064979553223
0.43,0.77,0.41,0.32,1.08,0.94,0.14,0.61,0.19,17407,13.068219900131226
0.43,0.77,0.41,0.32,1.08,0.94,0.12,0.61,0.2,17224,13.073254823684692
0.44,0.76,0.42,0.27,1.07,0.94,0.11,0.6,0.21,17119,13.07684874534607
0.48,0.77,0.41,0.27,1.07,0.95,0.14,0.6,0.21,17226,13.07684874534607
0.47,0.77,0.41,0.27,1.06,0.95,0.14,0.6,0.21,17327,13.080820798873901
0.48,0.78,0.4,0.28,1.06,0.95,0.13,0.6,0.2,17412,13.084848642349243
0.48,0.77,0.41,0.26,1.06,0.95,0.13,0.6,0.2,17167,13.089439153671265
0.49,0.77,0.4,0.28,1.06,0.95,0.13,0.6,0.2,17228,13.093435764312744
0.5,0.78,0.4,0.29,1.06,0.94,0.14,0.61,0.2,17601,13.094462633132935
0.52,0.77,0.41,0.29,1.05,0.94,0.14,0.62,0.2,17316,13.098116397857666
0.52,0.77,0.41,0.29,1.05,0.94,0.13,0.62,0.21,17259,13.101086378097534
0.55,0.78,0.42,0.31,1.05,0.95,0.14,0.62,0.21,17368,13.105104684829712
0.55,0.77,0.42,0.29,1.05,0.94,0.15,0.62,0.21,17857,13.106136798858643
0.53,0.77,0.4,0.3,1.05,0.95,0.15,0.62,0.21,17888,13.10916256904602
0.54,0.77,0.4,0.28,1.04,0.94,0.13,0.62,0.21,17625,13.113183736801147
0.53,0.78,0.4,0.26,1.04,0.94,0.14,0.62,0.21,17506,13.117637872695923
0.54,0.78,0.4,0.27,1.05,0.95,0.13,0.62,0.21,17517,13.117637872695923
0.53,0.78,0.36,0.25,1.05,0.95,0.13,0.61,0.21,17378,13.121497392654419
0.54,0.77,0.42,0.27,1.05,0.95,0.15,0.61,0.21,17465,13.125778198242188
0.5,0.77,0.42,0.25,1.05,0.95,0.13,0.61,0.21,17450,13.130760669708252
0.53,0.77,0.42,0.26,1.05,0.95,0.14,0.6,0.21,17397,13.130760669708252
0.54,0.77,0.42,0.3,1.05,0.94,0.15,0.6,0.2,17254,13.134846925735474
0.55,0.77,0.37,0.26,1.05,0.96,0.14,0.61,0.2,17015,13.138822793960571
0.55,0.77,0.39,0.26,1.05,0.96,0.16,0.61,0.21,17590,13.143304109573364
0.59,0.77,0.37,0.23,1.05,0.96,0.14,0.61,0.21,17507,13.143304109573364
0.6,0.77,0.34,0.25,1.04,0.96,0.14,0.6,0.21,17444,13.146281480789185
0.59,0.77,0.36,0.28,1.04,0.96,0.17,0.61,0.22,18209,13.150271892547607
0.62,0.76,0.35,0.25,1.04,0.96,0.16,0.61,0.21,17986,13.154302597045898
0.64,0.76,0.34,0.26,1.03,0.97,0.17,0.6,0.21,17025,13.158379793167114
0.63,0.75,0.33,0.27,1.03,0.97,0.21,0.61,0.22,17532,13.158379793167114
0.62,0.76,0.33,0.25,1.03,0.97,0.21,0.6,0.22,17731,13.162759065628052
0.7,0.75,0.32,0.28,1.03,0.98,0.22,0.61,0.22,17560,13.166989803314209
0.71,0.74,0.32,0.27,1.04,0.98,0.22,0.62,0.22,17461,13.171290159225464
0.73,0.74,0.32,0.28,1.04,0.98,0.23,0.6,0.23,17630,13.172337055206299
0.72,0.74,0.3,0.28,1.03,0.99,0.26,0.61,0.25,17629,13.176055908203125
0.72,0.75,0.29,0.26,1.04,0.99,0.25,0.61,0.23,17804,13.179934978485107
0.72,0.73,0.29,0.31,1.03,0.96,0.27,0.59,0.24,17459,13.18340539932251
0.74,0.73,0.28,0.29,1.03,0.98,0.28,0.61,0.24,17422,13.184441804885864
0.71,0.72,0.29,0.29,1.04,1.0,0.32,0.6,0.25,17431,13.187480211257935
0.76,0.73,0.28,0.33,1.03,1.0,0.33,0.6,0.22,17426,13.19160795211792
0.77,0.71,0.31,0.32,1.03,1.01,0.34,0.59,0.25,17935,13.196599006652832
0.78,0.72,0.25,0.36,1.01,1.0,0.39,0.59,0.25,18156,13.196599006652832
0.77,0.72,0.28,0.35,0.99,1.01,0.42,0.6,0.27,18287,13.199463605880737
0.82,0.71,0.25,0.32,0.99,1.01,0.44,0.59,0.28,18154,13.20440673828125
0.83,0.71,0.29,0.3,0.99,1.0,0.46,0.58,0.26,18173,13.207418441772461
0.82,0.71,0.28,0.37,1.0,1.04,0.49,0.58,0.28,18550,13.208427667617798
0.82,0.7,0.28,0.4,0.97,1.03,0.55,0.56,0.3,17975,13.21187973022461
0.83,0.67,0.3,0.4,0.98,1.01,0.58,0.58,0.34,18368,13.216145515441895
0.88,0.67,0.3,0.41,0.96,1.04,0.64,0.59,0.34,18203,13.221025228500366
0.88,0.65,0.33,0.42,0.95,1.02,0.66,0.57,0.4,18196,13.224279642105103
0.91,0.66,0.33,0.42,0.96,1.03,0.69,0.59,0.42,18393,13.225025177001953
0.89,0.65,0.34,0.43,0.95,1.02,0.71,0.58,0.49,18854,13.22902536392212
0.86,0.66,0.33,0.48,0.9,1.01,0.76,0.64,0.51,18969,13.233031511306763
0.89,0.64,0.35,0.49,0.92,1.04,0.76,0.62,0.56,19350,13.236294031143188
0.93,0.65,0.36,0.49,0.91,1.04,0.77,0.61,0.6,18981,13.237031698226929
0.92,0.64,0.37,0.53,0.92,1.04,0.83,0.62,0.61,19272,13.241345643997192
0.93,0.62,0.37,0.57,0.92,1.04,0.86,0.61,0.62,19263,13.245392799377441
0.95,0.63,0.35,0.58,0.89,1.05,0.89,0.62,0.65,19352,13.248821496963501
0.94,0.62,0.35,0.59,0.89,1.05,0.9,0.63,0.66,19265,13.24955701828003
0.96,0.58,0.33,0.62,0.89,1.06,0.91,0.65,0.68,19330,13.252976179122925
0.96,0.61,0.33,0.65,0.9,1.07,0.92,0.68,0.67,19275,13.257160186767578
0.97,0.6,0.35,0.65,0.87,1.08,0.94,0.68,0.69,19818,13.261764764785767
0.96,0.59,0.36,0.66,0.9,1.07,0.96,0.67,0.71,19931,13.261764764785767
0.96,0.6,0.35,0.67,0.87,1.08,0.95,0.67,0.71,19856,13.26500678062439
1.0,0.61,0.37,0.7,0.9,1.07,0.97,0.7,0.71,20199,13.269007444381714
1.01,0.62,0.37,0.72,0.92,1.07,1.0,0.72,0.71,19732,13.274007558822632
1.06,0.62,0.38,0.72,0.9,1.08,1.0,0.72,0.71,19465,13.274007558822632
1.04,0.63,0.39,0.72,0.89,1.07,0.99,0.72,0.73,19944,13.277144432067871
1.1,0.63,0.39,0.73,0.91,1.08,1.02,0.73,0.73,20233,13.281242370605469
1.06,0.63,0.38,0.73,0.94,1.09,1.01,0.74,0.73,19694,13.286242008209229
1.11,0.63,0.39,0.76,0.94,1.09,1.01,0.75,0.74,19449,13.286242008209229
1.11,0.64,0.4,0.76,0.94,1.09,1.02,0.75,0.75,19346,13.290242671966553
1.11,0.65,0.41,0.77,0.92,1.09,1.01,0.75,0.75,19317,13.29424262046814
1.12,0.65,0.4,0.78,0.94,1.08,1.02,0.75,0.75,19742,13.298363208770752
1.12,0.64,0.4,0.78,0.93,1.08,1.02,0.76,0.75,19765,13.301193714141846
1.14,0.65,0.41,0.79,0.94,1.08,1.02,0.76,0.74,20036,13.302282571792603
1.14,0.65,0.41,0.79,0.94,1.09,1.03,0.76,0.75,20043,13.306770086288452
1.14,0.65,0.41,0.79,0.97,1.09,1.04,0.75,0.75,20018,13.311158895492554
1.15,0.64,0.42,0.8,0.97,1.08,1.04,0.76,0.76,20299,13.314159631729126
1.14,0.64,0.42,0.8,0.97,1.08,1.04,0.77,0.76,19726,13.314159631729126
1.14,0.64,0.42,0.8,0.98,1.09,1.04,0.77,0.76,19751,13.318074226379395
1.15,0.65,0.42,0.8,0.97,1.09,1.04,0.76,0.76,20280,13.322681427001953
1.14,0.64,0.42,0.8,0.97,1.09,1.05,0.76,0.77,20515,13.326415777206421
1.14,0.66,0.43,0.8,0.98,1.09,1.04,0.76,0.77,19968,13.327447652816772
1.15,0.65,0.43,0.8,0.96,1.09,1.05,0.77,0.77,19535,13.330442905426025
1.16,0.65,0.42,0.8,0.99,1.08,1.05,0.76,0.77,19606,13.334447383880615
1.15,0.65,0.43,0.81,0.99,1.09,1.05,0.76,0.78,19863,13.338447570800781
1.15,0.66,0.42,0.8,0.99,1.08,1.04,0.76,0.78,19932,13.339447021484375
1.16,0.66,0.43,0.81,0.98,1.08,1.05,0.76,0.78,20027,13.342484951019287
1.17,0.66,0.42,0.83,0.99,1.08,1.04,0.77,0.78,20004,13.346606731414795
1.17,0.66,0.42,0.82,0.99,1.09,1.05,0.77,0.78,19665,13.351620197296143
1.18,0.66,0.43,0.81,0.99,1.08,1.05,0.77,0.79,19690,13.351620197296143
1.17,0.66,0.43,0.81,0.97,1.08,1.06,0.77,0.79,20341,13.355680704116821
1.18,0.66,0.43,0.81,0.98,1.08,1.05,0.77,0.79,20672,13.359901189804077
1.17,0.66,0.43,0.82,0.98,1.08,1.05,0.78,0.79,20467,13.363916158676147
1.18,0.66,0.44,0.81,0.98,1.08,1.05,0.78,0.79,20608,13.366934537887573
1.19,0.66,0.44,0.81,0.98,1.08,1.06,0.79,0.79,20217,13.367933750152588
1.18,0.66,0.44,0.82,0.98,1.08,1.05,0.78,0.8,19764,13.37194538116455
1.18,0.67,0.44,0.82,0.99,1.08,1.05,0.78,0.8,20201,13.375880718231201
1.18,0.67,0.44,0.81,0.98,1.08,1.05,0.78,0.8,20640,13.37921404838562
1.19,0.67,0.45,0.83,0.98,1.08,1.06,0.77,0.8,20023,13.380424499511719
1.19,0.67,0.44,0.82,0.99,1.08,1.06,0.78,0.8,19654,13.384610891342163
1.18,0.67,0.44,0.83,0.98,1.08,1.06,0.78,0.81,20179,13.387888431549072
1.19,0.67,0.45,0.83,0.99,1.08,1.06,0.78,0.81,20040,13.391986608505249
1.19,0.67,0.45,0.82,0.99,1.08,1.06,0.78,0.81,19871,13.392610788345337
1.19,0.67,0.45,0.83,0.99,1.08,1.06,0.78,0.81,19970,13.395888090133667
1.19,0.67,0.45,0.83,0.99,1.08,1.06,0.78,0.8,19971,13.400413274765015
1.19,0.67,0.45,0.83,0.99,1.08,1.06,0.78,0.8,19872,13.404125928878784
1.19,0.68,0.45,0.83,0.99,1.08,1.07,0.78,0.8,19975,13.404856443405151
1.19,0.68,0.44,0.83,0.99,1.08,1.07,0.78,0.8,20448,13.40885615348816
1.19,0.67,0.44,0.83,0.99,1.08,1.07,0.78,0.8,20143,13.412856340408325
1.19,0.68,0.43,0.83,1.0,1.08,1.07,0.78,0.8,19370,13.416963577270508
1.19,0.67,0.45,0.83,1.0,1.08,1.07,0.79,0.81,19089,13.416963577270508
1.19,0.67,0.45,0.83,0.99,1.08,1.06,0.78,0.8,19816,13.420411586761475
1.19,0.67,0.45,0.83,0.99,1.07,1.07,0.78,0.81,20137,13.424554586410522
1.19,0.68,0.45,0.83,0.99,1.08,1.07,0.79,0.81,20058,13.42961597442627
1.19,0.67,0.45,0.83,1.0,1.08,1.06,0.79,0.81,20261,13.42961597442627
1.18,0.67,0.45,0.83,0.99,1.08,1.07,0.79,0.81,20068,13.433058023452759
1.19,0.68,0.45,0.83,0.99,1.08,1.06,0.79,0.81,19743,13.438262701034546
1.19,0.68,0.45,0.83,0.99,1.08,1.07,0.78,0.82,19850,13.442453861236572
1.2,0.68,0.45,0.83,0.99,1.07,1.07,0.79,0.82,20073,13.445459365844727
1.19,0.68,0.46,0.83,0.99,1.08,1.07,0.79,0.82,19962,13.445459365844727
1.19,0.68,0.46,0.83,0.99,1.08,1.07,0.79,0.82,20187,13.449760675430298
1.19,0.68,0.46,0.83,0.99,1.08,1.07,0.79,0.82,20194,13.453760147094727
1.19,0.68,0.46,0.83,1.0,1.08,1.07,0.79,0.82,20283,13.457040071487427
1.2,0.68,0.47,0.83,1.0,1.08,1.06,0.79,0.82,20018,13.457040071487427
1.19,0.68,0.47,0.84,1.01,1.08,1.07,0.79,0.82,19883,13.461424112319946
1.2,0.68,0.46,0.83,0.99,1.08,1.07,0.8,0.82,19862,13.466256380081177
1.2,0.69,0.47,0.83,1.0,1.08,1.07,0.79,0.82,19795,13.469255924224854
1.2,0.69,0.47,0.83,1.0,1.08,1.07,0.79,0.82,19924,13.470256328582764
1.2,0.69,0.47,0.83,1.0,1.08,1.06,0.8,0.82,20113,13.473761558532715
1.2,0.69,0.47,0.83,1.0,1.08,1.06,0.79,0.82,20036,13.47932481765747
1.2,0.69,0.47,0.84,1.0,1.08,1.07,0.79,0.82,19915,13.482328653335571
1.19,0.69,0.47,0.84,1.0,1.08,1.07,0.79,0.82,19778,13.4833242893219
1.19,0.69,0.47,0.84,1.0,1.09,1.07,0.79,0.82,19737,13.486324787139893
1.19,0.69,0.47,0.83,1.0,1.08,1.07,0.79,0.82,19626,13.490140438079834
1.21,0.69,0.47,0.84,1.0,1.08,1.07,0.78,0.81,19659,13.495182275772095
1.2,0.69,0.47,0.83,1.0,1.08,1.07,0.79,0.82,19900,13.495182275772095
1.2,0.69,0.47,0.84,1.0,1.07,1.07,0.79,0.83,20163,13.49865984916687
1.2,0.69,0.47,0.83,1.0,1.07,1.07,0.79,0.82,19812,13.502760887145996
1.19,0.69,0.48,0.84,1.0,1.07,1.08,0.79,0.82,19729,13.507294178009033
1.2,0.69,0.48,0.84,0.99,1.07,1.07,0.79,0.82,19710,13.510298013687134
1.2,0.69,0.47,0.84,1.0,1.07,1.07,0.79,0.83,19699,13.511324167251587
1.2,0.69,0.47,0.84,1.01,1.08,1.07,0.79,0.82,19926,13.51469612121582
1.21,0.69,0.47,0.83,1.0,1.08,1.07,0.79,0.82,20077,13.518953323364258
1.21,0.69,0.47,0.83,1.0,1.07,1.07,0.79,0.82,20000,13.523038148880005
1.2,0.69,0.47,0.83,1.0,1.08,1.07,0.79,0.82,19721,13.524038314819336
1.21,0.69,0.47,0.83,0.99,1.08,1.07,0.79,0.82,20160,13.527072668075562
1.21,0.69,0.48,0.83,1.0,1.07,1.07,0.79,0.82,20219,13.53142261505127
1.21,0.69,0.48,0.83,1.0,1.07,1.07,0.79,0.82,20132,13.535419702529907
1.2,0.69,0.48,0.83,1.01,1.08,1.08,0.8,0.82,19769,13.536418676376343
1.21,0.69,0.47,0.83,1.0,1.08,1.08,0.8,0.82,20072,13.540420532226562
1.21,0.69,0.48,0.83,1.01,1.07,1.08,0.8,0.83,19739,13.54448127746582
1.21,0.69,0.47,0.83,1.0,1.08,1.08,0.8,0.82,20010,13.547413349151611
1.21,0.7,0.47,0.83,1.01,1.08,1.08,0.8,0.82,20333,13.548481702804565
1.21,0.7,0.48,0.83,1.0,1.08,1.08,0.8,0.82,20210,13.551578283309937
1.22,0.7,0.47,0.83,1.01,1.08,1.08,0.8,0.82,19735,13.555582046508789
1.22,0.69,0.48,0.83,1.01,1.09,1.08,0.8,0.82,19574,13.559860467910767
1.21,0.7,0.47,0.83,1.01,1.08,1.08,0.8,0.82,19783,13.560583353042603
1.22,0.7,0.47,0.83,1.01,1.08,1.08,0.8,0.83,19658,13.564618825912476
1.2,0.7,0.48,0.83,1.01,1.08,1.08,0.8,0.83,19661,13.567623376846313
1.21,0.7,0.48,0.83,1.01,1.08,1.08,0.8,0.82,19414,13.571974515914917
1.22,0.7,0.47,0.83,1.01,1.08,1.08,0.8,0.82,19735,13.575482606887817
1.22,0.7,0.47,0.83,1.01,1.08,1.08,0.8,0.82,19990,13.5767982006073
1.22,0.7,0.47,0.83,1.01,1.08,1.08,0.8,0.83,19751,13.580798387527466
1.22,0.7,0.47,0.83,1.01,1.08,1.08,0.8,0.83,19948,13.58480453491211
1.22,0.7,0.47,0.83,1.01,1.08,1.09,0.8,0.82,20013,13.58843445777893
1.22,0.7,0.48,0.83,1.01,1.08,1.08,0.8,0.83,19714,13.58843445777893
1.22,0.7,0.48,0.83,1.01,1.08,1.08,0.8,0.82,19875,13.593055248260498
1.22,0.69,0.48,0.83,1.01,1.09,1.08,0.81,0.83,19526,13.59715223312378
1.22,0.7,0.48,0.83,1.01,1.08,1.08,0.81,0.82,19667,13.600141286849976
1.22,0.7,0.47,0.83,1.01,1.09,1.08,0.81,0.83,19584,13.601151943206787
1.22,0.7,0.47,0.83,1.01,1.09,1.09,0.81,0.82,19365,13.604362726211548
1.22,0.7,0.47,0.83,1.01,1.09,1.08,0.8,0.83,19540,13.609551429748535
1.22,0.7,0.47,0.83,1.01,1.09,1.09,0.81,0.83,19779,13.613964557647705
1.21,0.7,0.48,0.83,1.01,1.08,1.09,0.81,0.83,20036,13.613964557647705
1.22,0.7,0.48,0.83,1.0,1.08,1.08,0.81,0.83,19713,13.618298292160034
1.22,0.7,0.48,0.83,1.0,1.08,1.09,0.81,0.82,19584,13.621580600738525
1.21,0.7,0.48,0.83,1.01,1.08,1.09,0.81,0.83,19821,13.624868631362915
1.22,0.7,0.47,0.83,1.0,1.09,1.08,0.81,0.83,19768,13.625996589660645
1.22,0.7,0.48,0.84,1.01,1.09,1.09,0.81,0.82,19871,13.630396604537964
1.21,0.7,0.47,0.84,1.01,1.09,1.09,0.81,0.83,19744,13.634400606155396
1.21,0.7,0.48,0.84,1.01,1.09,1.09,0.81,0.83,19465,13.638402938842773
1.21,0.7,0.47,0.84,1.01,1.09,1.09,0.81,0.83,19610,13.638402938842773
1.21,0.7,0.48,0.83,1.01,1.09,1.09,0.81,0.83,19627,13.642405986785889
1.21,0.7,0.48,0.84,1.0,1.09,1.09,0.81,0.83,20126,13.647167682647705
1.2,0.7,0.48,0.84,1.01,1.09,1.09,0.81,0.83,20375,13.650294065475464
1.21,0.7,0.48,0.84,1.01,1.1,1.08,0.81,0.83,19798,13.654235363006592
1.21,0.7,0.48,0.84,1.01,1.09,1.09,0.81,0.83,19365,13.6552414894104
1.21,0.7,0.48,0.83,1.01,1.09,1.08,0.82,0.83,19728,13.658585786819458
1.21,0.7,0.48,0.84,1.01,1.1,1.08,0.82,0.83,20021,13.663057327270508
1.22,0.7,0.47,0.83,1.01,1.1,1.09,0.82,0.83,20006,13.666351318359375
1.22,0.7,0.47,0.83,1.01,1.1,1.09,0.82,0.83,19859,13.667057037353516
1.22,0.7,0.47,0.84,1.01,1.09,1.09,0.82,0.83,19306,13.671043395996094
1.22,0.7,0.47,0.84,1.01,1.1,1.09,0.82,0.83,19431,13.674340724945068
1.21,0.7,0.47,0.84,1.01,1.09,1.09,0.82,0.83,19404,13.678884983062744
1.21,0.71,0.47,0.84,1.01,1.1,1.1,0.82,0.83,20019,13.678884983062744
1.2,0.7,0.47,0.84,1.01,1.1,1.09,0.82,0.83,19882,13.682779312133789
1.21,0.7,0.47,0.84,1.01,1.1,1.1,0.82,0.83,19627,13.68826937675476
1.21,0.7,0.47,0.84,1.01,1.1,1.09,0.82,0.83,19716,13.691269397735596
1.21,0.7,0.47,0.84,1.01,1.1,1.09,0.82,0.83,19553,13.691269397735596
1.21,0.7,0.47,0.84,1.01,1.1,1.09,0.82,0.83,19786,13.694786787033081
1.22,0.7,0.46,0.84,1.01,1.1,1.1,0.82,0.83,19329,13.699320077896118
1.21,0.71,0.47,0.84,1.01,1.1,1.09,0.82,0.83,19474,13.703481912612915
1.2,0.7,0.46,0.84,1.01,1.09,1.09,0.83,0.83,19905,13.704370498657227
1.2,0.71,0.46,0.84,1.01,1.1,1.09,0.82,0.83,19342,13.707924842834473
1.21,0.7,0.47,0.84,1.01,1.09,1.1,0.82,0.83,19585,13.712154865264893
1.21,0.71,0.47,0.84,1.01,1.1,1.09,0.82,0.83,19782,13.715445518493652
1.22,0.7,0.47,0.84,1.01,1.1,1.09,0.82,0.83,19843,13.71986174583435
1.22,0.71,0.47,0.85,1.01,1.09,1.09,0.82,0.83,19754,13.720467567443848
1.21,0.71,0.46,0.85,1.01,1.1,1.09,0.82,0.83,19729,13.724466323852539
1.21,0.7,0.47,0.84,1.01,1.1,1.1,0.81,0.83,19736,13.72846794128418
1.22,0.7,0.47,0.84,1.01,1.09,1.09,0.83,0.83,19475,13.73202133178711
1.22,0.71,0.47,0.84,1.01,1.1,1.09,0.82,0.83,19760,13.73202133178711
1.22,0.71,0.47,0.84,1.02,1.1,1.09,0.82,0.83,19615,13.737294912338257
1.22,0.71,0.47,0.84,1.01,1.1,1.09,0.83,0.83,19966,13.741328477859497
1.23,0.7,0.46,0.84,1.01,1.09,1.09,0.83,0.83,19777,13.744388580322266
1.23,0.71,0.46,0.84,1.01,1.1,1.09,0.83,0.83,19966,13.745433568954468
1.22,0.71,0.46,0.84,1.01,1.1,1.1,0.83,0.83,19709,13.749430894851685
1.23,0.71,0.46,0.84,1.01,1.1,1.1,0.83,0.83,19552,13.752727746963501
1.22,0.71,0.46,0.84,1.01,1.1,1.1,0.83,0.83,19395,13.756474256515503
1.22,0.71,0.46,0.84,1.01,1.1,1.09,0.83,0.83,19718,13.75722074508667
1.23,0.71,0.46,0.84,1.01,1.1,1.1,0.83,0.83,19853,13.760196447372437
1.23,0.71,0.46,0.84,1.01,1.1,1.09,0.83,0.83,19708,13.765226364135742
1.23,0.71,0.46,0.84,1.01,1.1,1.09,0.83,0.84,19769,13.7692711353302
1.23,0.71,0.47,0.84,1.01,1.1,1.09,0.83,0.84,20090,13.7692711353302
1.23,0.71,0.47,0.84,1.01,1.1,1.09,0.83,0.84,20243,13.774067640304565
1.23,0.71,0.47,0.84,1.01,1.1,1.09,0.83,0.84,20404,13.777449607849121
1.23,0.71,0.47,0.84,1.02,1.1,1.09,0.83,0.84,20347,13.78144383430481
1.23,0.71,0.47,0.84,1.01,1.1,1.09,0.83,0.83,20298,13.782442808151245
1.23,0.71,0.47,0.84,1.01,1.1,1.09,0.83,0.84,20391,13.78475046157837
1.22,0.71,0.47,0.84,1.02,1.1,1.09,0.83,0.84,20090,13.790223121643066
1.22,0.71,0.47,0.85,1.02,1.1,1.09,0.83,0.84,19637,13.794232368469238
1.22,0.71,0.47,0.84,1.01,1.1,1.09,0.83,0.84,19790,13.797343730926514
1.22,0.71,0.48,0.84,1.02,1.1,1.09,0.83,0.84,19975,13.797343730926514
1.23,0.71,0.49,0.84,1.02,1.1,1.09,0.83,0.84,19994,13.801923036575317
1.22,0.71,0.48,0.84,1.01,1.1,1.1,0.83,0.84,19911,13.806039571762085
1.22,0.71,0.48,0.84,1.01,1.1,1.09,0.83,0.84,20138,13.810043573379517
1.21,0.71,0.48,0.84,1.01,1.1,1.1,0.83,0.84,19801,13.810043573379517
1.22,0.71,0.49,0.85,1.01,1.1,1.09,0.83,0.84,19680,13.814042568206787
1.22,0.71,0.49,0.84,1.01,1.1,1.09,0.83,0.84,20161,13.818036317825317
1.22,0.71,0.49,0.84,1.01,1.1,1.09,0.83,0.84,20376,13.822245359420776
1.22,0.71,0.49,0.84,1.01,1.1,1.1,0.83,0.84,19853,13.823465347290039
1.22,0.71,0.49,0.85,1.02,1.1,1.09,0.83,0.84,19408,13.82729721069336
1.23,0.71,0.49,0.84,1.01,1.1,1.09,0.83,0.84,19471,13.829896450042725
1.22,0.71,0.49,0.84,1.01,1.1,1.09,0.83,0.84,19868,13.835102081298828
1.23,0.71,0.49,0.85,1.01,1.09,1.1,0.83,0.84,19985,13.835102081298828
1.22,0.71,0.49,0.84,1.01,1.1,1.09,0.83,0.84,19740,13.839180707931519
1.22,0.71,0.49,0.84,1.02,1.1,1.1,0.83,0.84,19759,13.843337535858154
1.23,0.71,0.49,0.85,1.02,1.09,1.09,0.83,0.84,19982,13.847311019897461
1.23,0.71,0.49,0.85,1.02,1.1,1.09,0.83,0.84,19607,13.847311019897461
1.23,0.71,0.5,0.85,1.02,1.1,1.09,0.83,0.84,19886,13.85138463973999
1.23,0.72,0.49,0.85,1.01,1.1,1.09,0.83,0.84,19661,13.85494065284729
1.23,0.72,0.5,0.84,1.02,1.1,1.09,0.83,0.84,19026,13.859158277511597
1.24,0.72,0.49,0.85,1.01,1.1,1.09,0.83,0.84,19519,13.862571001052856
1.23,0.71,0.49,0.85,1.02,1.1,1.09,0.83,0.85,19602,13.863310098648071
1.23,0.71,0.49,0.85,1.02,1.1,1.09,0.83,0.84,19555,13.868259906768799
1.23,0.72,0.49,0.85,1.02,1.1,1.09,0.83,0.84,19914,13.87124752998352
1.23,0.71,0.49,0.85,1.02,1.1,1.09,0.83,0.84,20139,13.874731540679932
1.23,0.71,0.49,0.86,1.02,1.1,1.09,0.83,0.84,19584,13.876256704330444
1.23,0.71,0.49,0.86,1.02,1.09,1.09,0.83,0.84,19817,13.87927794456482
1.22,0.71,0.49,0.85,1.02,1.1,1.09,0.83,0.84,20200,13.883273363113403
1.23,0.71,0.49,0.85,1.02,1.09,1.09,0.83,0.84,19827,13.887326955795288
1.23,0.71,0.49,0.85,1.02,1.1,1.09,0.83,0.84,19362,13.888356685638428
1.23,0.71,0.49,0.85,1.03,1.1,1.09,0.83,0.84,19519,13.891515254974365
1.23,0.71,0.49,0.85,1.02,1.1,1.09,0.83,0.84,19576,13.895387411117554
1.23,0.71,0.49,0.86,1.02,1.1,1.09,0.83,0.84,19625,13.899492025375366
1.23,0.71,0.49,0.85,1.03,1.1,1.09,0.83,0.85,19412,13.900500297546387
1.23,0.71,0.49,0.85,1.03,1.09,1.1,0.83,0.85,19897,13.904500484466553
1.23,0.71,0.49,0.85,1.02,1.1,1.09,0.83,0.84,19798,13.908874988555908
1.23,0.71,0.49,0.85,1.02,1.1,1.09,0.83,0.85,19797,13.911845684051514
1.23,0.71,0.49,0.85,1.03,1.1,1.09,0.83,0.84,19958,13.91283917427063
1.24,0.71,0.49,0.85,1.02,1.09,1.1,0.83,0.85,20039,13.916653156280518
1.23,0.72,0.49,0.85,1.03,1.1,1.1,0.83,0.85,19782,13.920783042907715
1.24,0.72,0.49,0.85,1.02,1.1,1.1,0.83,0.85,19715,13.924753665924072
1.24,0.71,0.49,0.85,1.02,1.1,1.1,0.83,0.85,20026,13.925794124603271
1.24,0.71,0.49,0.85,1.02,1.1,1.1,0.83,0.85,20295,13.928238153457642
1.24,0.72,0.49,0.85,1.02,1.1,1.1,0.83,0.85,19996,13.933403730392456
1.23,0.72,0.49,0.85,1.02,1.1,1.1,0.83,0.85,19859,13.937343835830688
1.23,0.71,0.49,0.85,1.02,1.1,1.09,0.83,0.85,20032,13.940626859664917
1.24,0.71,0.49,0.86,1.02,1.1,1.1,0.83,0.85,19905,13.941344499588013
1.24,0.71,0.49,0.85,1.02,1.1,1.1,0.83,0.85,19980,13.945316076278687
1.24,0.71,0.49,0.86,1.02,1.1,1.1,0.83,0.85,19861,13.94961953163147
1.23,0.72,0.49,0.86,1.02,1.1,1.1,0.83,0.85,19630,13.95299768447876
1.23,0.71,0.49,0.86,1.02,1.1,1.1,0.83,0.85,19629,13.954041242599487
1.24,0.72,0.49,0.86,1.03,1.1,1.1,0.83,0.85,19942,13.958123445510864
1.23,0.72,0.49,0.86,1.03,1.11,1.1,0.83,0.85,20025,13.961514472961426
1.23,0.72,0.49,0.85,1.02,1.1,1.1,0.83,0.85,19834,13.96552038192749
1.23,0.71,0.49,0.86,1.02,1.1,1.1,0.83,0.85,19337,13.96552038192749
1.23,0.72,0.49,0.86,1.02,1.1,1.1,0.83,0.85,19212,13.969523906707764
1.23,0.72,0.49,0.86,1.02,1.1,1.1,0.83,0.85,19781,13.97352385520935
1.24,0.71,0.48,0.86,1.02,1.11,1.1,0.83,0.85,20002,13.977656602859497
1.24,0.72,0.48,0.86,1.02,1.1,1.1,0.83,0.85,19947,13.977656602859497
1.24,0.72,0.47,0.86,1.02,1.11,1.1,0.83,0.85,20128,13.981599569320679
1.23,0.72,0.47,0.85,1.02,1.1,1.1,0.83,0.85,19883,13.98591423034668
1.22,0.72,0.47,0.85,1.02,1.1,1.1,0.83,0.85,19668,13.990896701812744
1.23,0.71,0.47,0.85,1.02,1.1,1.1,0.83,0.85,19831,13.990896701812744
1.24,0.72,0.48,0.86,1.02,1.1,1.1,0.83,0.85,20040,13.994872808456421
1.23,0.72,0.48,0.86,1.02,1.11,1.1,0.83,0.85,19897,13.9979567527771
1.23,0.72,0.48,0.86,1.02,1.11,1.1,0.83,0.85,19992,14.002232313156128
1.23,0.72,0.48,0.85,1.03,1.1,1.1,0.83,0.85,19707,14.003317594528198
1.23,0.72,0.48,0.86,1.02,1.1,1.1,0.84,0.85,19480,14.007318019866943
1.23,0.72,0.48,0.86,1.03,1.11,1.1,0.83,0.85,20269,14.011224508285522
1.23,0.72,0.48,0.85,1.03,1.1,1.11,0.83,0.85,20780,14.015370845794678
1.23,0.72,0.48,0.86,1.03,1.11,1.1,0.83,0.85,20351,14.015370845794678
1.23,0.72,0.48,0.86,1.03,1.11,1.1,0.83,0.86,19968,14.01861047744751
1.23,0.72,0.48,0.86,1.03,1.11,1.1,0.83,0.85,19775,14.022887706756592
1.24,0.71,0.48,0.87,1.03,1.11,1.1,0.83,0.85,20186,14.02750039100647
1.24,0.71,0.48,0.86,1.02,1.1,1.1,0.83,0.86,20165,14.031474113464355
1.23,0.72,0.48,0.86,1.03,1.1,1.1,0.83,0.86,20080,14.032475709915161
1.23,0.71,0.48,0.86,1.02,1.1,1.1,0.83,0.86,19739,14.035686016082764
1.23,0.72,0.48,0.86,1.03,1.1,1.1,0.84,0.86,19826,14.039695262908936
1.23,0.71,0.48,0.86,1.03,1.11,1.1,0.83,0.86,20033,14.043139934539795
1.23,0.72,0.48,0.86,1.03,1.1,1.1,0.83,0.86,20024,14.043865442276001
1.23,0.71,0.48,0.86,1.03,1.1,1.1,0.84,0.86,20287,14.04784083366394
1.23,0.72,0.48,0.85,1.03,1.1,1.1,0.83,0.86,19964,14.051865100860596
1.23,0.71,0.49,0.86,1.03,1.1,1.1,0.83,0.86,19245,14.055509090423584
1.23,0.72,0.49,0.86,1.03,1.1,1.1,0.84,0.86,19670,14.05657172203064
1.24,0.72,0.49,0.86,1.03,1.1,1.1,0.83,0.86,20139,14.060184478759766
1.24,0.72,0.49,0.85,1.03,1.1,1.1,0.83,0.86,19880,14.0641930103302
1.24,0.71,0.49,0.85,1.02,1.1,1.1,0.84,0.86,19425,14.068216562271118
1.24,0.72,0.49,0.85,1.02,1.1,1.1,0.84,0.86,19224,14.069192171096802
1.24,0.71,0.49,0.86,1.02,1.1,1.1,0.83,0.85,19247,14.072702884674072
1.24,0.72,0.49,0.86,1.03,1.1,1.11,0.83,0.86,19830,14.076472043991089
1.24,0.71,0.49,0.85,1.02,1.1,1.1,0.83,0.86,19963,14.080930233001709
1.24,0.72,0.49,0.85,1.02,1.1,1.1,0.83,0.86,20058,14.080930233001709
1.24,0.72,0.49,0.86,1.02,1.1,1.11,0.83,0.86,19899,14.083913803100586
1.24,0.72,0.49,0.86,1.03,1.1,1.1,0.84,0.85,20002,14.087918758392334
1.25,0.72,0.49,0.86,1.02,1.09,1.1,0.83,0.86,20111,14.092918395996094
1.25,0.72,0.49,0.85,1.02,1.1,1.1,0.84,0.85,20078,14.092918395996094
1.25,0.72,0.49,0.85,1.02,1.1,1.1,0.83,0.85,20533,14.096325397491455
1.24,0.72,0.49,0.85,1.03,1.1,1.1,0.84,0.85,19954,14.101330995559692
1.24,0.72,0.49,0.86,1.03,1.09,1.1,0.84,0.85,20003,14.105286359786987
1.25,0.72,0.49,0.85,1.02,1.1,1.1,0.84,0.86,19976,14.109334230422974
1.25,0.72,0.49,0.86,1.03,1.09,1.1,0.83,0.85,20125,14.109334230422974
1.24,0.72,0.5,0.86,1.02,1.09,1.1,0.83,0.86,20314,14.113336324691772
1.24,0.72,0.49,0.86,1.02,1.1,1.1,0.83,0.86,20341,14.117729902267456
1.25,0.72,0.49,0.86,1.03,1.1,1.1,0.84,0.86,19928,14.120798587799072
1.25,0.72,0.49,0.86,1.03,1.1,1.1,0.83,0.86,19549,14.121728658676147
1.24,0.72,0.49,0.86,1.03,1.1,1.1,0.83,0.86,19442,14.125728607177734
1.25,0.72,0.49,0.86,1.03,1.1,1.1,0.83,0.86,19581,14.129753112792969
1.25,0.72,0.49,0.86,1.03,1.1,1.1,0.83,0.86,20054,14.133599042892456
1.25,0.72,0.5,0.86,1.03,1.1,1.1,0.83,0.85,20239,14.134642601013184
1.25,0.72,0.49,0.86,1.03,1.1,1.1,0.83,0.86,19712,14.137523412704468
1.25,0.72,0.49,0.86,1.03,1.1,1.1,0.83,0.85,19761,14.142564058303833
1.24,0.72,0.49,0.86,1.04,1.1,1.1,0.83,0.85,19982,14.14603066444397
1.24,0.72,0.5,0.86,1.03,1.1,1.09,0.83,0.85,19799,14.14653491973877
1.25,0.72,0.5,0.86,1.04,1.1,1.1,0.83,0.86,19722,14.150031328201294
1.25,0.71,0.5,0.86,1.04,1.1,1.1,0.83,0.86,19943,14.153881549835205
1.24,0.72,0.5,0.87,1.04,1.1,1.1,0.83,0.86,19514,14.15889310836792
1.24,0.72,0.5,0.86,1.03,1.1,1.1,0.83,0.85,19615,14.15889310836792
1.24,0.72,0.5,0.86,1.03,1.1,1.1,0.83,0.85,20232,14.161900758743286
1.25,0.72,0.5,0.87,1.03,1.1,1.1,0.83,0.86,19983,14.166900634765625
1.24,0.72,0.49,0.86,1.04,1.1,1.1,0.83,0.85,19652,14.170896053314209
1.24,0.72,0.49,0.86,1.03,1.1,1.1,0.83,0.86,19755,14.170896053314209
1.24,0.72,0.49,0.87,1.03,1.1,1.1,0.83,0.86,19576,14.174155473709106
1.25,0.72,0.49,0.87,1.04,1.1,1.1,0.83,0.86,19673,14.178739786148071
1.24,0.72,0.49,0.86,1.04,1.1,1.1,0.83,0.86,19806,14.182782649993896
1.24,0.72,0.49,0.86,1.04,1.1,1.1,0.83,0.86,19831,14.185782670974731
1.25,0.72,0.49,0.86,1.04,1.1,1.1,0.83,0.86,19826,14.18678903579712
1.25,0.72,0.49,0.86,1.04,1.1,1.11,0.83,0.86,19687,14.191080331802368
1.25,0.72,0.49,0.86,1.04,1.1,1.11,0.83,0.86,19496,14.195419549942017
1.25,0.72,0.49,0.86,1.03,1.1,1.11,0.83,0.86,19347,14.198811769485474
1.25,0.72,0.49,0.86,1.04,1.1,1.11,0.84,0.86,19514,14.198811769485474
1.25,0.72,0.5,0.86,1.04,1.1,1.1,0.83,0.86,19619,14.203531742095947
1.25,0.72,0.49,0.85,1.04,1.1,1.11,0.83,0.86,19760,14.20763111114502
1.25,0.72,0.49,0.86,1.04,1.1,1.12,0.83,0.86,19923,14.211337327957153
1.25,0.72,0.49,0.85,1.04,1.11,1.11,0.83,0.86,20138,14.212368726730347
1.25,0.72,0.49,0.85,1.04,1.1,1.11,0.83,0.86,20431,14.21446681022644
1.25,0.72,0.49,0.85,1.04,1.1,1.11,0.83,0.86,20290,14.219090700149536
1.25,0.72,0.49,0.85,1.04,1.11,1.11,0.83,0.86,20183,14.223282098770142
1.25,0.73,0.49,0.86,1.04,1.1,1.11,0.83,0.86,20038,14.224347829818726
1.25,0.73,0.49,0.85,1.04,1.11,1.12,0.83,0.86,20193,14.227451801300049
1.25,0.73,0.49,0.85,1.04,1.1,1.12,0.83,0.86,19804,14.231524467468262
1.25,0.72,0.49,0.86,1.04,1.1,1.12,0.83,0.86,19535,14.237115859985352
1.25,0.73,0.49,0.85,1.03,1.11,1.12,0.83,0.86,20098,14.237115859985352
1.25,0.73,0.49,0.86,1.04,1.1,1.11,0.83,0.86,20157,14.241328239440918
1.25,0.72,0.49,0.86,1.03,1.1,1.11,0.83,0.86,20184,14.244340419769287
1.25,0.72,0.49,0.86,1.04,1.11,1.11,0.83,0.86,20179,14.248367309570312
1.25,0.72,0.49,0.86,1.04,1.1,1.11,0.83,0.86,20160,14.251597881317139
1.25,0.73,0.49,0.86,1.04,1.1,1.11,0.83,0.86,20103,14.252329111099243
1.24,0.72,0.49,0.86,1.04,1.1,1.11,0.83,0.85,20546,14.257328748703003
1.24,0.72,0.5,0.87,1.04,1.1,1.12,0.83,0.86,20657,14.261098623275757
1.25,0.72,0.49,0.86,1.04,1.11,1.11,0.83,0.86,19776,14.26456618309021
1.25,0.72,0.5,0.86,1.04,1.1,1.11,0.83,0.86,19743,14.265610933303833
1.25,0.72,0.49,0.87,1.04,1.1,1.11,0.83,0.86,19838,14.269434213638306
1.25,0.72,0.5,0.86,1.04,1.1,1.11,0.83,0.86,19997,14.273435592651367
1.24,0.72,0.5,0.86,1.04,1.1,1.11,0.83,0.86,20106,14.276732206344604
1.24,0.72,0.5,0.86,1.04,1.1,1.11,0.83,0.86,19775,14.276732206344604
1.24,0.72,0.49,0.86,1.04,1.1,1.11,0.83,0.86,19724,14.280961036682129
1.24,0.72,0.5,0.87,1.04,1.1,1.11,0.83,0.86,19679,14.284893035888672
1.24,0.72,0.49,0.87,1.04,1.1,1.11,0.83,0.86,19416,14.289556503295898
1.25,0.73,0.5,0.87,1.04,1.1,1.11,0.83,0.86,19781,14.289556503295898
1.25,0.72,0.5,0.86,1.04,1.1,1.11,0.83,0.86,19976,14.293552875518799
1.25,0.72,0.5,0.87,1.04,1.1,1.11,0.83,0.86,20065,14.297548055648804
1.25,0.72,0.5,0.87,1.04,1.1,1.12,0.83,0.86,19640,14.301552534103394
1.25,0.72,0.5,0.87,1.04,1.1,1.12,0.83,0.86,19937,14.302551031112671
1.24,0.72,0.5,0.86,1.04,1.1,1.12,0.83,0.86,19888,14.30555272102356
1.25,0.72,0.5,0.87,1.04,1.1,1.12,0.83,0.86,19787,14.309560537338257
1.25,0.72,0.5,0.87,1.04,1.1,1.12,0.83,0.86,20184,14.313611268997192
1.24,0.72,0.5,0.86,1.04,1.1,1.11,0.83,0.86,20291,14.314645528793335
1.24,0.72,0.5,0.87,1.04,1.1,1.12,0.83,0.86,20094,14.317646980285645
1.24,0.72,0.5,0.87,1.04,1.1,1.12,0.83,0.86,19825,14.321700096130371
1.25,0.72,0.5,0.86,1.04,1.11,1.12,0.83,0.86,19686,14.326700210571289
1.25,0.72,0.5,0.86,1.04,1.1,1.12,0.83,0.86,19989,14.330004453659058
1.24,0.72,0.5,0.87,1.04,1.1,1.12,0.83,0.86,20080,14.330701112747192
1.24,0.72,0.5,0.87,1.04,1.1,1.12,0.83,0.86,20257,14.334700107574463
1.24,0.72,0.5,0.86,1.04,1.1,1.12,0.83,0.86,20318,14.338534832000732
1.25,0.72,0.5,0.86,1.04,1.1,1.12,0.83,0.86,20221,14.341850519180298
1.25,0.73,0.5,0.86,1.04,1.1,1.12,0.83,0.86,19830,14.341850519180298
1.25,0.72,0.5,0.86,1.04,1.1,1.12,0.83,0.86,19745,14.346775531768799
1.25,0.72,0.51,0.86,1.04,1.1,1.12,0.83,0.86,19984,14.351210355758667
1.24,0.72,0.5,0.86,1.04,1.1,1.12,0.83,0.86,19815,14.354201793670654
1.25,0.72,0.5,0.86,1.04,1.1,1.12,0.83,0.86,20074,14.355270385742188
1.25,0.72,0.5,0.86,1.04,1.1,1.12,0.83,0.86,19937,14.359269380569458
1.25,0.72,0.5,0.87,1.04,1.1,1.12,0.83,0.86,19948,14.363581657409668
1.25,0.72,0.51,0.86,1.04,1.1,1.12,0.83,0.86,19633,14.367146968841553
1.24,0.72,0.5,0.86,1.04,1.1,1.12,0.83,0.86,20072,14.367146968841553
1.24,0.72,0.5,0.86,1.04,1.1,1.12,0.83,0.86,20059,14.371161222457886
1.25,0.72,0.5,0.86,1.04,1.1,1.12,0.83,0.86,19624,14.375123500823975
1.24,0.73,0.5,0.86,1.04,1.1,1.12,0.83,0.86,19265,14.380489110946655
1.25,0.73,0.5,0.87,1.04,1.1,1.12,0.83,0.86,19576,14.380489110946655
1.24,0.72,0.51,0.86,1.04,1.1,1.12,0.83,0.86,19675,14.383996486663818
1.24,0.72,0.51,0.86,1.04,1.1,1.12,0.83,0.86,20052,14.387089014053345
1.25,0.72,0.51,0.86,1.04,1.09,1.12,0.83,0.86,19811,14.391906023025513
1.24,0.72,0.51,0.87,1.04,1.1,1.12,0.84,0.86,19576,14.39560341835022
1.24,0.72,0.51,0.87,1.04,1.09,1.11,0.83,0.86,19817,14.39639663696289
1.25,0.72,0.51,0.87,1.04,1.09,1.12,0.83,0.86,19730,14.400409936904907
1.24,0.72,0.51,0.86,1.04,1.1,1.12,0.83,0.86,19809,14.403721570968628
1.24,0.72,0.51,0.86,1.04,1.1,1.12,0.84,0.86,20076,14.407935380935669
1.25,0.72,0.51,0.87,1.04,1.1,1.11,0.83,0.86,19791,14.407935380935669
1.24,0.72,0.5,0.87,1.04,1.1,1.11,0.83,0.86,19746,14.41212248802185
1.25,0.72,0.51,0.86,1.04,1.09,1.12,0.83,0.86,19653,14.41712236404419
1.25,0.72,0.5,0.86,1.04,1.09,1.12,0.83,0.86,19824,14.420596361160278
1.25,0.72,0.51,0.86,1.04,1.1,1.12,0.83,0.86,19671,14.421572208404541
1.24,0.72,0.51,0.87,1.04,1.1,1.11,0.83,0.86,19460,14.424720048904419
1.25,0.72,0.51,0.87,1.05,1.1,1.12,0.83,0.86,19683,14.429224967956543
1.24,0.72,0.51,0.87,1.04,1.1,1.12,0.83,0.86,19830,14.432377338409424
1.24,0.72,0.51,0.87,1.04,1.1,1.12,0.83,0.86,19747,14.433470010757446
1.24,0.73,0.51,0.87,1.04,1.1,1.12,0.84,0.86,19946,14.437469244003296
1.24,0.72,0.51,0.87,1.04,1.1,1.12,0.83,0.86,19743,14.440752267837524
1.24,0.72,0.51,0.87,1.04,1.1,1.12,0.83,0.86,19962,14.444737195968628
1.24,0.72,0.51,0.87,1.04,1.1,1.11,0.83,0.86,19765,14.445770502090454
1.24,0.72,0.51,0.87,1.04,1.1,1.13,0.83,0.86,19540,14.449185609817505
1.23,0.72,0.51,0.87,1.04,1.1,1.12,0.83,0.86,19823,14.453186988830566
1.24,0.73,0.51,0.86,1.04,1.09,1.12,0.84,0.86,20374,14.45818567276001
1.24,0.72,0.51,0.87,1.04,1.09,1.12,0.83,0.86,20111,14.45818567276001
1.24,0.72,0.51,0.87,1.04,1.09,1.12,0.84,0.86,19404,14.461185932159424
1.23,0.72,0.51,0.87,1.04,1.1,1.12,0.83,0.86,19621,14.465219020843506
1.24,0.72,0.51,0.87,1.04,1.09,1.12,0.83,0.86,19782,14.469757080078125
1.24,0.72,0.51,0.87,1.04,1.1,1.12,0.83,0.86,19479,14.473203182220459
1.25,0.73,0.51,0.87,1.04,1.09,1.12,0.84,0.86,19494,14.474247932434082
1.24,0.72,0.51,0.88,1.04,1.1,1.12,0.83,0.86,19867,14.477534770965576
1.23,0.72,0.51,0.87,1.04,1.1,1.12,0.83,0.86,19804,14.481857776641846
1.24,0.72,0.51,0.88,1.04,1.1,1.13,0.83,0.86,19747,14.485544443130493
1.24,0.72,0.51,0.87,1.04,1.1,1.12,0.84,0.87,19952,14.4862642288208
1.24,0.72,0.51,0.87,1.04,1.1,1.12,0.83,0.86,20317,14.490262746810913
1.24,0.73,0.51,0.87,1.04,1.1,1.12,0.83,0.86,19954,14.494263648986816
1.24,0.72,0.51,0.87,1.04,1.1,1.12,0.84,0.86,19893,14.497824430465698
1.24,0.72,0.51,0.87,1.04,1.1,1.12,0.84,0.86,19804,14.497824430465698
1.24,0.72,0.51,0.87,1.04,1.1,1.12,0.83,0.86,19719,14.503181219100952
1.24,0.72,0.51,0.87,1.04,1.1,1.12,0.83,0.86,19632,14.506172180175781
1.24,0.72,0.51,0.87,1.04,1.1,1.12,0.84,0.86,19659,14.510403394699097
1.23,0.72,0.51,0.87,1.04,1.1,1.12,0.84,0.86,19394,14.51135540008545
1.24,0.72,0.51,0.87,1.04,1.1,1.12,0.83,0.86,19387,14.514355182647705
1.23,0.72,0.51,0.88,1.04,1.1,1.12,0.83,0.86,19398,14.519352674484253
1.24,0.72,0.51,0.87,1.04,1.1,1.12,0.83,0.86,19443,14.52195930480957
1.24,0.72,0.51,0.87,1.04,1.1,1.12,0.84,0.86,19406,14.523176431655884
1.24,0.72,0.51,0.87,1.04,1.1,1.13,0.84,0.86,19717,14.52718997001648
1.24,0.72,0.51,0.87,1.04,1.1,1.13,0.84,0.86,20012,14.5309476852417
1.24,0.72,0.51,0.87,1.04,1.1,1.13,0.84,0.86,20159,14.536125421524048
1.24,0.72,0.51,0.87,1.04,1.1,1.13,0.84,0.86,19754,14.538804054260254
1.24,0.73,0.51,0.87,1.04,1.1,1.13,0.84,0.86,19651,14.53890872001648
1.24,0.72,0.51,0.87,1.04,1.1,1.13,0.84,0.86,19916,14.542757511138916
1.24,0.72,0.51,0.87,1.04,1.1,1.12,0.84,0.86,19869,14.547654151916504
1.24,0.72,0.51,0.87,1.04,1.1,1.13,0.83,0.86,19738,14.550641775131226
1.24,0.72,0.51,0.87,1.04,1.1,1.13,0.84,0.86,19871,14.551641941070557
1.24,0.73,0.51,0.87,1.05,1.11,1.13,0.84,0.86,19896,14.555641651153564
1.24,0.72,0.51,0.87,1.04,1.1,1.13,0.84,0.86,19797,14.559353113174438
1.24,0.72,0.51,0.87,1.04,1.1,1.13,0.84,0.86,19720,14.562907457351685
1.24,0.72,0.51,0.87,1.04,1.1,1.12,0.84,0.86,19615,14.563903570175171
1.24,0.72,0.51,0.87,1.04,1.1,1.13,0.84,0.86,20156,14.567344903945923
1.23,0.72,0.51,0.87,1.04,1.1,1.13,0.83,0.87,20325,14.572464942932129
1.24,0.72,0.51,0.87,1.04,1.1,1.13,0.84,0.87,20260,14.575507640838623
1.24,0.72,0.51,0.87,1.04,1.1,1.13,0.84,0.86,20453,14.576508522033691
1.24,0.72,0.51,0.87,1.04,1.1,1.13,0.84,0.87,20288,14.579623699188232
1.23,0.72,0.51,0.87,1.04,1.1,1.13,0.84,0.86,20705,14.58384108543396
1.24,0.72,0.51,0.87,1.04,1.1,1.12,0.84,0.86,20402,14.587829351425171
1.24,0.73,0.51,0.87,1.04,1.1,1.13,0.84,0.86,20017,14.587829351425171
1.23,0.73,0.51,0.88,1.04,1.1,1.13,0.84,0.86,20032,14.591930389404297
1.23,0.73,0.51,0.87,1.04,1.1,1.13,0.84,0.86,19735,14.596174716949463
1.24,0.73,0.5,0.87,1.04,1.1,1.13,0.84,0.86,19628,14.60015320777893
1.24,0.73,0.5,0.87,1.04,1.1,1.13,0.84,0.86,19561,14.603366613388062
1.23,0.73,0.5,0.88,1.04,1.1,1.13,0.84,0.86,19892,14.604378700256348
1.23,0.73,0.5,0.88,1.04,1.1,1.13,0.84,0.86,19805,14.609399557113647
1.24,0.73,0.51,0.87,1.04,1.1,1.12,0.84,0.86,19938,14.61342740058899
1.23,0.72,0.51,0.88,1.04,1.1,1.12,0.84,0.86,20307,14.616729974746704
1.24,0.73,0.51,0.87,1.04,1.1,1.12,0.84,0.86,20242,14.616729974746704
1.24,0.73,0.5,0.88,1.04,1.1,1.12,0.84,0.87,19927,14.62088394165039
1.24,0.73,0.51,0.87,1.04,1.1,1.12,0.85,0.86,19844,14.625569581985474
1.24,0.73,0.51,0.87,1.04,1.1,1.13,0.85,0.87,19965,14.628840923309326
1.24,0.73,0.5,0.87,1.04,1.1,1.13,0.85,0.86,19892,14.62955355644226
1.24,0.73,0.51,0.87,1.04,1.1,1.12,0.84,0.86,19867,14.633553743362427
1.24,0.73,0.5,0.88,1.04,1.11,1.12,0.84,0.87,19982,14.637536764144897
1.24,0.73,0.51,0.87,1.04,1.1,1.13,0.84,0.86,20179,14.64137053489685
1.25,0.73,0.51,0.87,1.04,1.1,1.13,0.84,0.86,20414,14.642135858535767
1.24,0.73,0.51,0.87,1.04,1.1,1.13,0.84,0.86,20299,14.645682334899902
1.25,0.73,0.51,0.87,1.04,1.1,1.13,0.84,0.86,20146,14.649710893630981
1.24,0.73,0.51,0.88,1.04,1.1,1.12,0.85,0.86,20207,14.653786897659302
1.24,0.73,0.51,0.88,1.04,1.1,1.12,0.84,0.86,20036,14.654764413833618
1.24,0.73,0.51,0.87,1.04,1.1,1.12,0.84,0.87,19887,14.657567977905273
1.24,0.73,0.51,0.87,1.04,1.1,1.13,0.84,0.86,19808,14.661272764205933
1.24,0.73,0.51,0.87,1.04,1.1,1.13,0.84,0.86,19773,14.6663658618927
1.24,0.73,0.5,0.88,1.04,1.1,1.13,0.84,0.87,19486,14.6663658618927
1.24,0.72,0.51,0.88,1.04,1.1,1.13,0.84,0.87,19907,14.67038631439209
1.24,0.73,0.51,0.88,1.04,1.1,1.12,0.84,0.86,20156,14.67440414428711
1.24,0.73,0.51,0.88,1.04,1.09,1.13,0.84,0.87,20031,14.678849935531616
1.24,0.72,0.51,0.88,1.04,1.1,1.12,0.84,0.87,20124,14.681933403015137
1.24,0.73,0.5,0.88,1.04,1.1,1.13,0.84,0.86,20229,14.682850122451782
1.23,0.72,0.51,0.87,1.04,1.1,1.13,0.84,0.87,20196,14.686978101730347
1.23,0.73,0.51,0.87,1.04,1.1,1.13,0.84,0.86,20123,14.691142320632935
1.24,0.73,0.51,0.88,1.04,1.1,1.13,0.84,0.87,20468,14.694676876068115
1.24,0.72,0.51,0.87,1.04,1.1,1.13,0.84,0.86,20013,14.695404767990112
1.24,0.73,0.51,0.88,1.04,1.1,1.13,0.84,0.87,19836,14.699432849884033
1.24,0.73,0.51,0.88,1.04,1.1,1.13,0.84,0.87,20051,14.703423976898193
1.24,0.73,0.5,0.88,1.04,1.1,1.13,0.84,0.87,19674,14.707485675811768
1.24,0.73,0.5,0.88,1.04,1.11,1.13,0.84,0.86,19695,14.707485675811768
1.24,0.73,0.5,0.88,1.04,1.1,1.12,0.84,0.87,19904,14.71161699295044
1.24,0.73,0.51,0.88,1.04,1.1,1.13,0.84,0.87,20069,14.714937686920166
1.24,0.73,0.5,0.87,1.03,1.1,1.13,0.85,0.87,19974,14.719283103942871
1.24,0.73,0.5,0.88,1.04,1.1,1.13,0.84,0.87,19999,14.72033953666687
1.25,0.73,0.5,0.88,1.04,1.1,1.14,0.84,0.87,19786,14.723334312438965
1.25,0.73,0.5,0.87,1.04,1.1,1.14,0.84,0.87,20097,14.72758412361145
1.24,0.73,0.5,0.88,1.04,1.1,1.13,0.85,0.87,20010,14.73161792755127
1.24,0.73,0.5,0.88,1.04,1.1,1.13,0.84,0.87,19691,14.732585191726685
1.24,0.73,0.5,0.88,1.04,1.1,1.14,0.84,0.87,19962,14.735918998718262
1.24,0.73,0.5,0.87,1.04,1.1,1.14,0.85,0.87,19781,14.740057706832886
1.24,0.73,0.5,0.88,1.04,1.1,1.14,0.84,0.87,19686,14.743906497955322
1.24,0.73,0.5,0.88,1.04,1.1,1.14,0.84,0.87,20117,14.747851371765137
1.24,0.73,0.5,0.88,1.04,1.1,1.14,0.84,0.87,20280,14.747851371765137
1.25,0.73,0.5,0.88,1.04,1.1,1.13,0.84,0.87,20209,14.75214433670044
1.25,0.72,0.5,0.87,1.04,1.1,1.14,0.84,0.87,19842,14.7564537525177
1.24,0.73,0.51,0.87,1.04,1.1,1.14,0.84,0.87,19509,14.760148286819458
1.25,0.73,0.51,0.87,1.04,1.1,1.13,0.84,0.87,19632,14.761202335357666
1.25,0.73,0.5,0.87,1.04,1.1,1.13,0.84,0.87,19795,14.764260530471802
1.25,0.73,0.5,0.88,1.04,1.1,1.13,0.84,0.87,19992,14.768690586090088
1.25,0.72,0.5,0.88,1.04,1.1,1.13,0.85,0.87,19701,14.773032188415527
1.25,0.73,0.5,0.88,1.04,1.1,1.13,0.84,0.87,19368,14.773032188415527
1.24,0.73,0.5,0.87,1.04,1.1,1.13,0.84,0.87,19833,14.776599645614624
1.25,0.73,0.5,0.87,1.04,1.1,1.13,0.85,0.87,19866,14.780618906021118
1.25,0.72,0.5,0.88,1.04,1.1,1.13,0.85,0.87,19921,14.78485655784607
1.25,0.73,0.5,0.88,1.04,1.1,1.13,0.85,0.87,20072,14.78485655784607
1.25,0.72,0.5,0.87,1.04,1.1,1.13,0.85,0.87,20103,14.788861274719238
1.24,0.73,0.5,0.87,1.03,1.1,1.13,0.85,0.87,19814,14.793370008468628
1.25,0.73,0.5,0.88,1.04,1.1,1.13,0.85,0.87,19523,14.79655909538269
1.25,0.73,0.5,0.88,1.04,1.1,1.13,0.85,0.86,20014,14.797630071640015
1.24,0.72,0.5,0.88,1.04,1.1,1.13,0.85,0.87,20189,14.801637887954712
1.25,0.73,0.5,0.88,1.04,1.1,1.13,0.85,0.87,19762,14.805877923965454
1.25,0.72,0.5,0.87,1.04,1.1,1.13,0.85,0.87,19969,14.809390783309937
1.25,0.73,0.5,0.88,1.04,1.1,1.13,0.85,0.87,19818,14.81044602394104
1.25,0.72,0.5,0.89,1.04,1.1,1.13,0.85,0.87,19309,14.813439846038818
1.25,0.72,0.5,0.88,1.04,1.1,1.13,0.85,0.87,19760,14.818440675735474
1.25,0.73,0.5,0.88,1.04,1.1,1.13,0.85,0.87,19967,14.821452617645264
1.25,0.72,0.5,0.88,1.04,1.1,1.13,0.85,0.87,19860,14.825644969940186
1.25,0.73,0.5,0.88,1.04,1.1,1.13,0.85,0.88,19473,14.825644969940186
1.25,0.72,0.51,0.88,1.04,1.1,1.13,0.85,0.87,20302,14.829972505569458
1.25,0.73,0.51,0.88,1.04,1.1,1.13,0.85,0.87,20197,14.833730220794678
1.24,0.73,0.51,0.88,1.04,1.11,1.13,0.85,0.88,20134,14.838218688964844
1.25,0.73,0.51,0.88,1.04,1.1,1.13,0.85,0.87,19867,14.838218688964844
1.25,0.73,0.51,0.88,1.04,1.1,1.13,0.85,0.87,19962,14.842232704162598
1.25,0.73,0.51,0.88,1.04,1.1,1.13,0.85,0.87,20283,14.846218824386597
1.25,0.73,0.5,0.88,1.04,1.1,1.13,0.85,0.87,20082,14.850332498550415
1.25,0.72,0.5,0.88,1.04,1.1,1.13,0.85,0.87,19937,14.851307392120361
1.25,0.72,0.5,0.88,1.04,1.1,1.13,0.85,0.88,19448,14.85530686378479
1.25,0.73,0.5,0.88,1.04,1.1,1.13,0.85,0.87,19819,14.858704090118408
1.25,0.72,0.51,0.89,1.04,1.1,1.13,0.85,0.87,19970,14.862640142440796
1.25,0.72,0.5,0.89,1.04,1.1,1.13,0.85,0.87,19927,14.863693714141846
1.25,0.73,0.51,0.89,1.04,1.1,1.13,0.85,0.87,19884,14.867220163345337
1.25,0.73,0.51,0.89,1.04,1.1,1.13,0.85,0.87,20103,14.871394395828247
1.25,0.73,0.5,0.89,1.04,1.1,1.13,0.85,0.87,20302,14.875007390975952
1.25,0.73,0.51,0.88,1.04,1.1,1.13,0.85,0.88,19901,14.875007390975952
1.25,0.73,0.5,0.89,1.04,1.1,1.13,0.85,0.88,19748,14.878737211227417
1.25,0.73,0.5,0.88,1.04,1.1,1.13,0.85,0.87,19687,14.883079528808594
1.25,0.72,0.5,0.89,1.04,1.1,1.13,0.85,0.87,19744,14.887473583221436
1.25,0.73,0.51,0.88,1.04,1.1,1.13,0.85,0.87,19529,14.890946865081787
1.25,0.73,0.51,0.88,1.04,1.1,1.13,0.85,0.87,19472,14.891989707946777
1.25,0.73,0.51,0.88,1.04,1.1,1.13,0.85,0.88,19983,14.895234107971191
1.25,0.72,0.51,0.89,1.04,1.1,1.13,0.85,0.88,20040,14.899234056472778
1.25,0.72,0.51,0.88,1.04,1.1,1.13,0.85,0.88,19859,14.903234243392944
1.25,0.72,0.51,0.89,1.04,1.1,1.13,0.85,0.88,20090,14.904234409332275
1.25,0.72,0.51,0.88,1.04,1.1,1.13,0.85,0.88,20203,14.908234119415283
1.25,0.72,0.51,0.89,1.04,1.11,1.13,0.85,0.88,20354,14.912434339523315
1.25,0.73,0.51,0.89,1.04,1.1,1.13,0.85,0.88,20337,14.915618181228638
1.25,0.72,0.5,0.88,1.04,1.1,1.12,0.85,0.88,19870,14.916700601577759
1.25,0.73,0.51,0.89,1.04,1.1,1.13,0.85,0.87,19669,14.91988205909729
1.25,0.72,0.51,0.89,1.04,1.1,1.13,0.85,0.87,19646,14.923922061920166
1.24,0.72,0.51,0.88,1.04,1.1,1.13,0.85,0.88,19421,14.92817735671997
1.25,0.73,0.51,0.89,1.04,1.1,1.13,0.85,0.87,19474,14.929166078567505
1.24,0.72,0.51,0.88,1.04,1.1,1.13,0.85,0.87,19949,14.9331636428833
1.25,0.73,0.51,0.88,1.04,1.1,1.13,0.85,0.88,19642,14.937418222427368
1.25,0.72,0.51,0.89,1.04,1.1,1.13,0.85,0.87,19777,14.940577983856201
1.25,0.72,0.51,0.89,1.04,1.11,1.13,0.85,0.88,19724,14.941795587539673
1.25,0.73,0.51,0.88,1.04,1.1,1.13,0.85,0.88,19629,14.944101333618164
1.25,0.73,0.51,0.88,1.04,1.1,1.13,0.85,0.87,19576,14.948162317276001
1.25,0.73,0.51,0.88,1.04,1.1,1.14,0.85,0.87,19853,14.953166007995605
1.25,0.73,0.51,0.88,1.04,1.1,1.14,0.85,0.87,19728,14.953166007995605
1.25,0.73,0.51,0.87,1.04,1.1,1.13,0.85,0.87,19599,14.957165956497192
1.25,0.73,0.51,0.88,1.04,1.1,1.13,0.85,0.88,20156,14.961174249649048
1.25,0.73,0.51,0.88,1.04,1.1,1.13,0.85,0.87,20307,14.964820384979248
1.25,0.73,0.51,0.88,1.04,1.1,1.13,0.85,0.87,20424,14.968495845794678
1.25,0.73,0.51,0.88,1.04,1.11,1.13,0.85,0.87,20311,14.969550609588623
1.25,0.73,0.5,0.88,1.04,1.1,1.13,0.85,0.87,19842,14.973541736602783
1.25,0.73,0.5,0.87,1.04,1.11,1.13,0.85,0.87,19575,14.977057695388794
1.25,0.73,0.5,0.88,1.04,1.11,1.13,0.85,0.87,19886,14.98163628578186
1.25,0.73,0.51,0.88,1.04,1.11,1.13,0.85,0.87,20185,14.98163628578186
1.25,0.73,0.51,0.88,1.04,1.11,1.13,0.85,0.87,19928,14.98562240600586
1.25,0.73,0.5,0.88,1.04,1.1,1.13,0.85,0.87,19567,14.989609479904175
1.25,0.73,0.5,0.88,1.04,1.11,1.14,0.85,0.87,19732,14.993610858917236
1.25,0.73,0.5,0.89,1.04,1.11,1.14,0.85,0.88,20267,14.99461054801941
1.24,0.73,0.5,0.88,1.04,1.11,1.14,0.85,0.88,20014,14.99831485748291
1.24,0.73,0.5,0.88,1.04,1.11,1.14,0.85,0.88,20077,15.002618789672852
1.25,0.73,0.5,0.89,1.04,1.11,1.13,0.85,0.88,20126,15.005910158157349
1.25,0.73,0.5,0.88,1.04,1.11,1.14,0.85,0.88,19893,15.006635427474976
1.25,0.73,0.49,0.88,1.04,1.11,1.14,0.85,0.87,19536,15.009718656539917
1.24,0.73,0.5,0.88,1.04,1.11,1.13,0.85,0.88,19799,15.013718843460083
1.24,0.73,0.5,0.88,1.04,1.11,1.14,0.85,0.88,19882,15.01805329322815
1.24,0.73,0.5,0.88,1.04,1.11,1.14,0.85,0.88,19927,15.01909875869751
1.25,0.73,0.5,0.88,1.03,1.11,1.14,0.85,0.88,19794,15.022560358047485
1.24,0.73,0.5,0.88,1.04,1.11,1.14,0.85,0.88,20055,15.026885747909546
1.24,0.73,0.5,0.88,1.04,1.11,1.13,0.85,0.88,19904,15.03087592124939
1.24,0.73,0.5,0.88,1.04,1.11,1.14,0.85,0.88,19809,15.03087592124939
1.24,0.73,0.5,0.88,1.04,1.11,1.14,0.85,0.88,19734,15.034876823425293
1.24,0.73,0.5,0.88,1.04,1.11,1.14,0.85,0.88,19439,15.038903713226318
1.24,0.72,0.5,0.89,1.04,1.11,1.13,0.85,0.88,19740,15.042931318283081
1.24,0.74,0.5,0.88,1.04,1.11,1.14,0.85,0.88,20409,15.046250820159912
1.24,0.73,0.5,0.88,1.04,1.11,1.14,0.85,0.88,20060,15.047336101531982
1.24,0.73,0.5,0.88,1.04,1.11,1.14,0.84,0.88,19831,15.050842046737671
1.24,0.73,0.5,0.89,1.04,1.11,1.14,0.85,0.88,19926,15.055894613265991
1.24,0.73,0.5,0.88,1.04,1.11,1.14,0.85,0.88,20401,15.059307098388672
1.24,0.73,0.5,0.88,1.04,1.11,1.14,0.85,0.88,20728,15.060143947601318
1.23,0.73,0.5,0.88,1.04,1.11,1.15,0.85,0.88,20517,15.063113689422607
1.24,0.73,0.5,0.88,1.04,1.11,1.14,0.85,0.88,20376,15.068158864974976
1.24,0.73,0.5,0.88,1.04,1.11,1.14,0.85,0.88,19711,15.071437120437622
1.24,0.74,0.5,0.88,1.04,1.11,1.14,0.85,0.88,19730,15.072157859802246
1.24,0.73,0.5,0.88,1.04,1.11,1.14,0.85,0.88,19847,15.075585126876831
1.24,0.73,0.5,0.87,1.04,1.1,1.14,0.85,0.88,20098,15.08014702796936
1.24,0.73,0.51,0.88,1.04,1.1,1.14,0.85,0.88,20293,15.083523035049438
1.24,0.73,0.51,0.88,1.04,1.1,1.13,0.85,0.88,19904,15.084569692611694
1.24,0.73,0.51,0.88,1.04,1.1,1.14,0.85,0.88,19595,15.088649272918701
1.24,0.73,0.51,0.88,1.04,1.11,1.14,0.85,0.88,20040,15.091636896133423
1.24,0.73,0.5,0.88,1.04,1.11,1.14,0.85,0.88,19641,15.096636772155762
1.25,0.73,0.51,0.88,1.04,1.1,1.14,0.85,0.88,19630,15.096636772155762
1.25,0.73,0.51,0.88,1.04,1.11,1.14,0.85,0.88,20087,15.099634170532227
1.25,0.73,0.51,0.88,1.04,1.1,1.14,0.85,0.88,20314,15.105034112930298
1.25,0.73,0.51,0.88,1.04,1.1,1.14,0.85,0.88,19839,15.108741521835327
1.24,0.74,0.51,0.88,1.04,1.1,1.14,0.85,0.88,19860,15.108741521835327
1.25,0.73,0.51,0.88,1.04,1.1,1.14,0.86,0.88,20091,15.113048076629639
1.24,0.73,0.51,0.88,1.04,1.1,1.14,0.85,0.88,19890,15.116614580154419
1.24,0.73,0.51,0.88,1.04,1.1,1.14,0.85,0.88,19783,15.120682001113892
1.24,0.73,0.51,0.88,1.04,1.1,1.14,0.85,0.88,19822,15.125106811523438
1.24,0.73,0.51,0.88,1.04,1.1,1.13,0.85,0.88,19821,15.125106811523438
1.24,0.73,0.51,0.88,1.04,1.1,1.14,0.85,0.88,19736,15.129115581512451
1.25,0.73,0.51,0.88,1.04,1.1,1.14,0.85,0.88,19681,15.133082866668701
1.25,0.74,0.51,0.88,1.04,1.1,1.14,0.85,0.88,19754,15.137082815170288
1.25,0.73,0.51,0.88,1.05,1.1,1.14,0.85,0.88,19685,15.137082815170288
1.24,0.74,0.51,0.89,1.04,1.1,1.14,0.85,0.88,19746,15.1408052444458
1.25,0.74,0.51,0.88,1.04,1.1,1.13,0.85,0.89,19889,15.146376609802246
1.25,0.73,0.5,0.88,1.04,1.11,1.13,0.85,0.88,19866,15.149519681930542
1.24,0.74,0.51,0.89,1.04,1.1,1.13,0.86,0.89,19839,15.150458574295044
1.24,0.74,0.51,0.89,1.04,1.1,1.13,0.85,0.88,19732,15.154458284378052
1.24,0.73,0.51,0.89,1.04,1.1,1.13,0.85,0.88,20257,15.156992197036743
1.25,0.73,0.51,0.89,1.04,1.1,1.14,0.85,0.88,20036,15.161403894424438
1.25,0.73,0.51,0.89,1.04,1.1,1.13,0.85,0.89,20245,15.162419319152832
1.24,0.73,0.51,0.89,1.04,1.1,1.14,0.85,0.88,20098,15.166455030441284
1.24,0.74,0.51,0.9,1.04,1.1,1.14,0.85,0.89,19659,15.169846534729004
1.24,0.73,0.51,0.89,1.04,1.1,1.14,0.85,0.88,19728,15.174009561538696
1.25,0.73,0.51,0.89,1.04,1.1,1.14,0.86,0.88,19979,15.175055027008057
1.24,0.73,0.51,0.89,1.04,1.1,1.13,0.85,0.88,20042,15.177995204925537
1.25,0.74,0.51,0.89,1.04,1.1,1.14,0.85,0.88,20019,15.181939840316772
1.25,0.74,0.51,0.89,1.04,1.1,1.13,0.85,0.88,19926,15.186701774597168
1.24,0.73,0.5,0.89,1.04,1.11,1.13,0.85,0.88,19663,15.186701774597168
1.25,0.73,0.51,0.89,1.04,1.11,1.13,0.85,0.88,19506,15.190715312957764
1.25,0.73,0.51,0.89,1.04,1.11,1.13,0.85,0.89,19799,15.194701671600342
1.25,0.73,0.5,0.89,1.04,1.11,1.14,0.85,0.88,20058,15.198782682418823
1.25,0.73,0.5,0.88,1.04,1.11,1.13,0.85,0.88,19949,15.199698686599731
1.25,0.74,0.51,0.89,1.04,1.11,1.13,0.85,0.88,19682,15.203358888626099
1.25,0.74,0.5,0.89,1.04,1.11,1.13,0.85,0.88,19589,15.207027912139893
1.25,0.74,0.5,0.89,1.04,1.11,1.13,0.85,0.88,19620,15.21152114868164
1.25,0.74,0.5,0.89,1.04,1.11,1.13,0.85,0.88,19505,15.214303493499756
1.25,0.74,0.51,0.89,1.04,1.11,1.13,0.86,0.88,20084,15.215107917785645
1.24,0.74,0.5,0.89,1.04,1.11,1.13,0.85,0.88,20425,15.218595504760742
1.25,0.73,0.51,0.89,1.04,1.11,1.13,0.85,0.88,20280,15.223444938659668
1.25,0.73,0.5,0.89,1.04,1.11,1.13,0.85,0.88,19635,15.227444887161255
1.25,0.73,0.51,0.89,1.04,1.11,1.13,0.85,0.88,19968,15.228429317474365
1.25,0.74,0.51,0.89,1.04,1.11,1.13,0.86,0.88,19787,15.231435060501099
1.25,0.73,0.5,0.89,1.04,1.11,1.13,0.86,0.88,19820,15.236385345458984
1.25,0.73,0.51,0.88,1.04,1.11,1.13,0.85,0.88,19863,15.239914178848267
1.25,0.74,0.5,0.88,1.04,1.11,1.13,0.86,0.88,20304,15.240915060043335
1.25,0.74,0.51,0.89,1.04,1.11,1.13,0.85,0.88,20187,15.243473768234253
1.25,0.74,0.5,0.89,1.04,1.11,1.13,0.85,0.88,20148,15.24870753288269
1.25,0.74,0.51,0.89,1.04,1.11,1.13,0.86,0.88,19927,15.252422332763672
1.25,0.74,0.51,0.89,1.04,1.11,1.13,0.86,0.88,19822,15.252422332763672
1.25,0.74,0.51,0.88,1.04,1.11,1.13,0.86,0.88,20327,15.255393028259277
1.25,0.74,0.5,0.89,1.04,1.11,1.13,0.86,0.88,20186,15.259810209274292
1.25,0.74,0.51,0.89,1.03,1.11,1.13,0.86,0.88,19633,15.263692617416382
1.25,0.74,0.51,0.88,1.03,1.11,1.13,0.86,0.88,19308,15.26470136642456
1.25,0.74,0.51,0.88,1.04,1.11,1.13,0.86,0.88,19415,15.267903089523315
1.25,0.74,0.51,0.88,1.03,1.11,1.13,0.86,0.88,19776,15.271736145019531
1.25,0.74,0.5,0.88,1.04,1.12,1.13,0.86,0.88,20367,15.276989698410034
1.25,0.74,0.51,0.89,1.04,1.11,1.14,0.86,0.88,20272,15.280150413513184
1.25,0.74,0.5,0.88,1.04,1.11,1.14,0.86,0.88,19843,15.281150102615356
1.25,0.74,0.5,0.88,1.04,1.11,1.13,0.86,0.88,19928,15.284150123596191
1.25,0.74,0.5,0.88,1.04,1.11,1.13,0.86,0.88,20081,15.289153337478638
1.25,0.74,0.5,0.88,1.04,1.11,1.14,0.85,0.88,20064,15.292602777481079
1.25,0.74,0.5,0.89,1.04,1.11,1.14,0.86,0.88,20257,15.292602777481079
1.25,0.74,0.5,0.88,1.04,1.11,1.14,0.85,0.89,20106,15.296689748764038
1.25,0.74,0.5,0.88,1.04,1.11,1.14,0.86,0.88,19867,15.300687551498413
1.25,0.73,0.5,0.88,1.04,1.11,1.13,0.85,0.88,19916,15.30493974685669
1.25,0.73,0.5,0.89,1.04,1.11,1.14,0.86,0.89,19745,15.30493974685669
1.25,0.74,0.5,0.88,1.04,1.11,1.14,0.86,0.88,19716,15.309199810028076
1.25,0.74,0.5,0.88,1.04,1.1,1.13,0.86,0.88,20037,15.312725305557251
1.25,0.73,0.5,0.88,1.04,1.11,1.14,0.85,0.88,19930,15.31777024269104
1.25,0.74,0.5,0.89,1.04,1.11,1.13,0.85,0.88,19849,15.31777024269104
1.25,0.74,0.5,0.88,1.05,1.11,1.14,0.86,0.88,19712,15.32141900062561
1.25,0.74,0.5,0.88,1.04,1.11,1.14,0.86,0.88,19895,15.325705289840698
1.25,0.74,0.5,0.88,1.04,1.11,1.14,0.86,0.88,19922,15.32973837852478
1.25,0.74,0.5,0.88,1.04,1.11,1.14,0.86,0.88,19731,15.330734014511108
1.25,0.74,0.5,0.88,1.04,1.11,1.14,0.85,0.88,19888,15.333755016326904
1.25,0.74,0.5,0.88,1.04,1.11,1.14,0.85,0.88,19985,15.338249206542969
1.25,0.74,0.5,0.88,1.04,1.11,1.14,0.85,0.88,19600,15.342323064804077
1.25,0.75,0.51,0.89,1.04,1.11,1.14,0.85,0.88,19789,15.342323064804077
1.25,0.74,0.5,0.88,1.04,1.11,1.14,0.85,0.88,20036,15.346328735351562
1.25,0.74,0.5,0.89,1.04,1.11,1.14,0.85,0.88,20139,15.349929332733154
1.26,0.74,0.5,0.88,1.04,1.11,1.13,0.86,0.88,19760,15.35530686378479
1.25,0.74,0.51,0.89,1.04,1.11,1.14,0.86,0.88,19843,15.358174085617065
1.25,0.74,0.51,0.88,1.04,1.11,1.14,0.86,0.88,19898,15.358174085617065
1.25,0.74,0.5,0.88,1.04,1.11,1.13,0.86,0.88,19839,15.362644910812378
1.25,0.74,0.51,0.88,1.04,1.11,1.14,0.85,0.88,20010,15.366750717163086
1.25,0.73,0.5,0.88,1.04,1.11,1.14,0.85,0.88,20185,15.370483160018921
1.25,0.74,0.51,0.88,1.04,1.11,1.14,0.86,0.88,20402,15.371529579162598
1.25,0.74,0.5,0.89,1.04,1.11,1.14,0.86,0.88,19765,15.37443733215332
1.25,0.75,0.51,0.88,1.04,1.11,1.14,0.86,0.88,19650,15.379336833953857
1.26,0.74,0.51,0.88,1.04,1.11,1.13,0.85,0.88,19743,15.383530855178833
1.25,0.74,0.51,0.88,1.05,1.11,1.14,0.85,0.88,19368,15.383530855178833
1.25,0.74,0.51,0.88,1.04,1.11,1.14,0.85,0.88,19637,15.387507677078247
1.25,0.74,0.5,0.88,1.04,1.11,1.14,0.85,0.88,19910,15.391525268554688
1.25,0.75,0.51,0.89,1.04,1.11,1.14,0.85,0.88,19807,15.394895076751709
1.25,0.74,0.51,0.89,1.04,1.11,1.13,0.85,0.88,20274,15.395911693572998
1.26,0.74,0.51,0.89,1.04,1.11,1.14,0.85,0.88,20163,15.400158882141113
1.25,0.74,0.51,0.88,1.04,1.11,1.14,0.86,0.88,20216,15.40315055847168
1.25,0.75,0.51,0.88,1.04,1.11,1.13,0.86,0.88,20071,15.408551692962646
1.25,0.75,0.51,0.89,1.04,1.11,1.14,0.85,0.88,19838,15.408551692962646
1.25,0.74,0.51,0.88,1.04,1.11,1.13,0.85,0.88,19881,15.411543369293213
1.25,0.75,0.51,0.89,1.04,1.11,1.13,0.85,0.88,19786,15.41548228263855
1.25,0.74,0.51,0.89,1.04,1.11,1.14,0.86,0.88,19421,15.41976523399353
1.25,0.74,0.51,0.89,1.04,1.11,1.14,0.86,0.88,19536,15.424140214920044
1.25,0.74,0.51,0.88,1.04,1.11,1.14,0.86,0.88,20095,15.424140214920044
1.25,0.75,0.51,0.89,1.04,1.11,1.13,0.86,0.88,20328,15.428138971328735
1.25,0.74,0.51,0.89,1.04,1.12,1.14,0.86,0.88,19739,15.43230652809143
1.25,0.74,0.51,0.88,1.04,1.11,1.14,0.86,0.88,20170,15.435621500015259
1.25,0.74,0.51,0.88,1.04,1.11,1.14,0.86,0.88,20169,15.436678886413574
1.25,0.74,0.51,0.89,1.05,1.11,1.14,0.86,0.88,19896,15.440673112869263
1.25,0.75,0.5,0.88,1.04,1.11,1.14,0.85,0.88,20161,15.445571184158325
1.25,0.74,0.5,0.89,1.04,1.11,1.14,0.86,0.88,20282,15.44834280014038
1.25,0.74,0.5,0.89,1.04,1.11,1.14,0.85,0.88,19995,15.449398756027222
1.25,0.75,0.5,0.89,1.04,1.11,1.14,0.86,0.88,19784,15.452003479003906
1.25,0.74,0.5,0.89,1.05,1.11,1.14,0.86,0.89,20023,15.457168817520142
1.25,0.74,0.5,0.89,1.04,1.11,1.14,0.86,0.88,19894,15.46124792098999
1.25,0.74,0.5,0.89,1.04,1.11,1.13,0.85,0.88,19449,15.46124792098999
1.25,0.74,0.5,0.89,1.04,1.11,1.13,0.85,0.88,19364,15.46552562713623
1.25,0.74,0.5,0.89,1.04,1.11,1.14,0.85,0.88,19613,15.469214916229248
1.25,0.74,0.5,0.89,1.04,1.11,1.14,0.85,0.88,19566,15.473616600036621
1.25,0.75,0.5,0.88,1.04,1.11,1.14,0.85,0.88,19651,15.473616600036621
1.25,0.74,0.5,0.89,1.04,1.11,1.14,0.85,0.88,20038,15.476705551147461
1.25,0.74,0.5,0.89,1.04,1.11,1.14,0.85,0.88,19893,15.481218814849854
1.25,0.74,0.5,0.89,1.04,1.11,1.14,0.86,0.88,19808,15.486338376998901
1.25,0.74,0.5,0.89,1.04,1.12,1.13,0.85,0.88,19457,15.486338376998901
1.25,0.74,0.5,0.89,1.04,1.11,1.14,0.85,0.88,19566,15.489338159561157
1.25,0.74,0.5,0.89,1.04,1.11,1.13,0.85,0.89,19765,15.494338512420654
1.25,0.74,0.5,0.89,1.04,1.11,1.14,0.86,0.88,19970,15.498338460922241
1.25,0.74,0.5,0.89,1.04,1.11,1.14,0.85,0.88,19787,15.501539468765259
1.25,0.74,0.5,0.89,1.04,1.11,1.13,0.86,0.88,19776,15.502582788467407
1.25,0.75,0.51,0.88,1.04,1.11,1.14,0.86,0.88,19927,15.506099700927734
1.25,0.74,0.51,0.89,1.04,1.11,1.14,0.85,0.88,19494,15.51055908203125
1.25,0.74,0.5,0.89,1.04,1.11,1.14,0.86,0.88,19835,15.513807773590088
1.25,0.75,0.5,0.89,1.04,1.11,1.14,0.85,0.88,19630,15.513807773590088
1.25,0.74,0.5,0.89,1.04,1.11,1.14,0.86,0.88,19397,15.518271684646606
1.25,0.74,0.5,0.89,1.04,1.11,1.14,0.85,0.88,19846,15.522270917892456
1.25,0.74,0.5,0.89,1.04,1.11,1.13,0.85,0.88,19729,15.526289939880371
1.25,0.75,0.5,0.89,1.04,1.11,1.14,0.85,0.88,19684,15.527270793914795
1.25,0.74,0.5,0.89,1.04,1.11,1.14,0.86,0.89,20331,15.53027081489563
1.25,0.74,0.5,0.89,1.04,1.11,1.14,0.86,0.89,20278,15.534770488739014
1.25,0.74,0.5,0.89,1.04,1.11,1.14,0.85,0.89,20143,15.538949012756348
1.25,0.74,0.5,0.89,1.04,1.11,1.14,0.85,0.89,19952,15.538949012756348
1.25,0.75,0.5,0.89,1.04,1.11,1.14,0.85,0.89,19813,15.543527126312256
1.25,0.74,0.5,0.89,1.04,1.11,1.14,0.86,0.89,19730,15.546300649642944
1.25,0.74,0.5,0.88,1.04,1.11,1.14,0.86,0.89,19477,15.550429344177246
1.25,0.74,0.5,0.89,1.04,1.11,1.14,0.86,0.89,19892,15.550429344177246
1.25,0.74,0.5,0.88,1.04,1.11,1.14,0.86,0.9,20317,15.555429220199585
1.24,0.74,0.5,0.89,1.04,1.11,1.14,0.86,0.89,20470,15.559429168701172
1.25,0.74,0.5,0.89,1.04,1.11,1.14,0.86,0.89,20099,15.562951803207397
1.25,0.74,0.5,0.88,1.04,1.11,1.14,0.86,0.89,20132,15.566909074783325
1.25,0.74,0.5,0.88,1.04,1.11,1.14,0.86,0.89,20415,15.566909074783325
1.25,0.74,0.51,0.88,1.04,1.11,1.14,0.86,0.89,20166,15.5708909034729
1.25,0.74,0.5,0.88,1.04,1.11,1.14,0.86,0.89,20099,15.574978351593018
1.25,0.75,0.5,0.89,1.04,1.11,1.14,0.86,0.89,19910,15.579260349273682
1.25,0.74,0.5,0.89,1.04,1.11,1.14,0.86,0.89,19967,15.580348014831543
1.25,0.75,0.5,0.88,1.04,1.11,1.14,0.86,0.89,19506,15.583139657974243
1.25,0.75,0.5,0.88,1.04,1.11,1.14,0.86,0.89,19827,15.588173389434814
1.25,0.74,0.51,0.89,1.04,1.11,1.14,0.86,0.89,20222,15.591440200805664
1.25,0.75,0.51,0.88,1.04,1.11,1.14,0.86,0.89,20211,15.592173337936401
1.25,0.75,0.51,0.88,1.05,1.11,1.14,0.86,0.89,19992,15.596173524856567
1.25,0.74,0.51,0.88,1.05,1.11,1.15,0.86,0.89,20027,15.600150346755981
1.25,0.75,0.51,0.89,1.04,1.11,1.14,0.86,0.89,20064,15.603721857070923
1.25,0.74,0.51,0.89,1.05,1.11,1.15,0.86,0.9,19915,15.604788541793823
1.25,0.74,0.51,0.89,1.05,1.11,1.14,0.86,0.89,19952,15.607881784439087
1.25,0.74,0.51,0.88,1.05,1.11,1.14,0.86,0.89,20005,15.613275289535522
1.25,0.74,0.51,0.88,1.05,1.11,1.14,0.87,0.89,19808,15.61641788482666
1.25,0.74,0.51,0.88,1.05,1.11,1.15,0.86,0.89,19629,15.617268800735474
1.25,0.74,0.51,0.89,1.05,1.11,1.14,0.87,0.89,19750,15.621364831924438
1.25,0.74,0.5,0.88,1.04,1.11,1.14,0.86,0.89,19793,15.62436056137085
1.25,0.74,0.5,0.88,1.05,1.11,1.15,0.87,0.89,19768,15.628833532333374
1.25,0.74,0.51,0.88,1.05,1.12,1.14,0.86,0.9,19721,15.632628202438354
1.25,0.74,0.51,0.88,1.05,1.11,1.14,0.87,0.89,19694,15.63367223739624
1.25,0.74,0.51,0.88,1.04,1.12,1.15,0.86,0.89,19613,15.637118101119995
1.25,0.74,0.51,0.88,1.04,1.12,1.14,0.86,0.89,19660,15.64111852645874
1.25,0.74,0.51,0.88,1.05,1.12,1.14,0.87,0.89,19531,15.645137310028076
1.25,0.74,0.51,0.88,1.05,1.11,1.15,0.86,0.89,19752,15.646117210388184
1.25,0.74,0.51,0.88,1.05,1.11,1.15,0.86,0.89,19761,15.649111032485962
1.25,0.74,0.51,0.88,1.05,1.11,1.15,0.87,0.89,19504,15.654163599014282
1.25,0.74,0.51,0.89,1.05,1.11,1.15,0.86,0.89,19755,15.65674352645874
1.25,0.74,0.51,0.89,1.05,1.11,1.15,0.86,0.89,19894,15.657746076583862
1.25,0.74,0.51,0.89,1.05,1.11,1.15,0.86,0.89,20003,15.661993741989136
1.25,0.74,0.51,0.89,1.04,1.12,1.15,0.86,0.89,19590,15.666470050811768
1.25,0.74,0.51,0.88,1.05,1.12,1.15,0.87,0.89,19765,15.66952919960022
1.25,0.74,0.51,0.89,1.04,1.11,1.15,0.86,0.89,19774,15.670612335205078
1.25,0.74,0.51,0.89,1.05,1.12,1.15,0.86,0.89,20173,15.673611402511597
1.25,0.74,0.51,0.89,1.04,1.12,1.15,0.86,0.89,20134,15.67778754234314
1.25,0.74,0.51,0.89,1.04,1.12,1.14,0.86,0.89,20149,15.681772232055664
1.25,0.74,0.51,0.89,1.04,1.12,1.15,0.86,0.89,20546,15.682502031326294
1.25,0.74,0.51,0.89,1.05,1.12,1.15,0.86,0.89,20465,15.68650197982788
1.25,0.74,0.51,0.89,1.04,1.11,1.14,0.86,0.89,20318,15.690502405166626
1.25,0.74,0.51,0.89,1.05,1.12,1.15,0.87,0.9,20439,15.694501876831055
1.25,0.74,0.51,0.88,1.04,1.12,1.15,0.86,0.89,20458,15.694501876831055
1.25,0.74,0.51,0.89,1.05,1.12,1.15,0.86,0.89,20221,15.69850206375122
1.25,0.74,0.5,0.89,1.05,1.12,1.15,0.86,0.89,19756,15.70283579826355
1.25,0.74,0.51,0.88,1.04,1.12,1.15,0.86,0.89,19457,15.707025289535522
1.25,0.74,0.51,0.89,1.05,1.12,1.15,0.86,0.89,19400,15.71044373512268
1.25,0.74,0.51,0.89,1.05,1.12,1.15,0.86,0.89,19513,15.711673021316528
1.25,0.74,0.5,0.88,1.04,1.12,1.15,0.87,0.89,19800,15.714777946472168
1.25,0.75,0.51,0.89,1.05,1.12,1.15,0.86,0.89,19849,15.718774795532227
1.25,0.74,0.51,0.88,1.05,1.12,1.15,0.86,0.89,19610,15.722881555557251
1.25,0.75,0.51,0.89,1.05,1.12,1.15,0.86,0.9,19817,15.722881555557251
1.25,0.74,0.5,0.89,1.05,1.12,1.14,0.86,0.89,19884,15.72695779800415
1.25,0.75,0.51,0.89,1.05,1.12,1.14,0.86,0.9,19563,15.732149839401245
1.25,0.75,0.5,0.89,1.04,1.12,1.14,0.87,0.89,20110,15.734493017196655
1.25,0.75,0.5,0.89,1.05,1.12,1.14,0.86,0.9,20041,15.735553503036499
1.25,0.75,0.5,0.89,1.05,1.12,1.14,0.86,0.9,19840,15.738985776901245
1.25,0.75,0.51,0.89,1.05,1.12,1.15,0.87,0.9,20021,15.744254112243652
1.25,0.75,0.51,0.89,1.05,1.12,1.14,0.87,0.89,19968,15.747349262237549
1.25,0.74,0.51,0.89,1.05,1.12,1.14,0.86,0.9,20151,15.748391389846802
1.25,0.75,0.51,0.89,1.05,1.12,1.14,0.86,0.9,20348,15.752458333969116
1.25,0.75,0.51,0.9,1.05,1.12,1.14,0.87,0.9,20209,15.755799770355225
1.25,0.75,0.51,0.9,1.04,1.12,1.14,0.87,0.9,20118,15.759822845458984
1.25,0.74,0.51,0.89,1.05,1.12,1.14,0.86,0.9,20177,15.760803461074829
1.25,0.74,0.51,0.89,1.04,1.11,1.14,0.87,0.9,19794,15.76382303237915
1.25,0.75,0.52,0.89,1.04,1.12,1.14,0.86,0.9,19837,15.768429040908813
1.25,0.75,0.51,0.89,1.04,1.11,1.14,0.86,0.89,19730,15.771988868713379
1.25,0.75,0.51,0.89,1.05,1.11,1.14,0.87,0.89,19823,15.775962114334106
1.25,0.75,0.51,0.89,1.04,1.12,1.14,0.87,0.9,19926,15.775962114334106
1.25,0.75,0.51,0.89,1.05,1.12,1.14,0.87,0.9,19615,15.780280113220215
1.25,0.75,0.51,0.89,1.04,1.11,1.14,0.87,0.9,19790,15.78400707244873
1.25,0.75,0.51,0.88,1.05,1.11,1.14,0.87,0.9,19933,15.787859439849854
1.25,0.75,0.52,0.89,1.05,1.11,1.15,0.87,0.9,19446,15.787859439849854
1.25,0.75,0.51,0.89,1.04,1.12,1.15,0.87,0.9,19577,15.79298996925354
1.25,0.75,0.52,0.89,1.04,1.11,1.15,0.87,0.9,19684,15.79598593711853
1.25,0.75,0.51,0.89,1.05,1.11,1.15,0.87,0.9,19723,15.800514698028564
1.25,0.75,0.51,0.89,1.05,1.11,1.15,0.86,0.9,19540,15.801262140274048
1.25,0.75,0.51,0.89,1.05,1.11,1.14,0.86,0.9,19823,15.805262088775635
1.25,0.75,0.52,0.9,1.05,1.11,1.15,0.86,0.9,20086,15.80826210975647
1.25,0.75,0.52,0.89,1.05,1.11,1.15,0.87,0.9,20007,15.812561988830566
1.25,0.75,0.52,0.89,1.05,1.11,1.15,0.86,0.9,20100,15.813591957092285
1.24,0.75,0.52,0.89,1.04,1.11,1.15,0.87,0.9,19915,15.816781520843506
1.25,0.75,0.52,0.89,1.05,1.11,1.15,0.87,0.9,19808,15.821694135665894
1.25,0.75,0.52,0.89,1.05,1.11,1.15,0.86,0.9,19865,15.82495903968811
1.25,0.75,0.52,0.9,1.05,1.11,1.15,0.87,0.9,19768,15.825693607330322
1.25,0.75,0.51,0.89,1.05,1.11,1.15,0.87,0.9,19457,15.830178260803223
1.25,0.74,0.52,0.89,1.05,1.11,1.14,0.87,0.9,19754,15.833053588867188
1.25,0.74,0.52,0.89,1.06,1.11,1.15,0.86,0.9,20007,15.837450981140137
1.25,0.75,0.51,0.9,1.05,1.11,1.15,0.87,0.9,19698,15.838507652282715
1.25,0.75,0.51,0.89,1.05,1.11,1.15,0.87,0.9,19757,15.841848373413086
1.25,0.74,0.52,0.89,1.05,1.11,1.15,0.87,0.9,19630,15.846216678619385
1.25,0.74,0.52,0.9,1.05,1.11,1.15,0.86,0.9,19717,15.850214958190918
1.25,0.74,0.51,0.9,1.05,1.11,1.15,0.86,0.9,20170,15.853482007980347
1.25,0.74,0.51,0.89,1.05,1.12,1.15,0.86,0.89,20059,15.854215383529663
1.25,0.75,0.51,0.89,1.05,1.11,1.15,0.86,0.9,19964,15.85821533203125
1.25,0.74,0.51,0.9,1.06,1.12,1.15,0.87,0.9,19931,15.862226486206055
1.25,0.75,0.51,0.9,1.05,1.12,1.14,0.87,0.89,20064,15.866122722625732
1.25,0.75,0.52,0.89,1.05,1.12,1.15,0.87,0.9,19973,15.86717939376831
1.25,0.74,0.51,0.89,1.05,1.12,1.15,0.87,0.9,19782,15.87017297744751
1.26,0.75,0.51,0.89,1.06,1.12,1.14,0.87,0.9,20057,15.875523805618286
1.26,0.74,0.51,0.89,1.06,1.12,1.14,0.87,0.9,19846,15.878517150878906
1.26,0.75,0.51,0.89,1.06,1.12,1.14,0.87,0.9,19749,15.879625082015991
1.26,0.74,0.51,0.89,1.06,1.11,1.15,0.86,0.9,19886,15.882683277130127
1.26,0.74,0.51,0.89,1.06,1.11,1.15,0.86,0.9,19905,15.886684656143188
1.26,0.74,0.51,0.88,1.06,1.11,1.15,0.86,0.9,19926,15.890969038009644
1.26,0.74,0.51,0.88,1.06,1.11,1.15,0.86,0.9,19835,15.890969038009644
1.26,0.74,0.52,0.89,1.06,1.11,1.15,0.86,0.9,19856,15.894784688949585
1.27,0.74,0.52,0.89,1.06,1.11,1.15,0.86,0.9,19785,15.89948296546936
1.27,0.74,0.51,0.9,1.05,1.11,1.15,0.86,0.9,19330,15.90281057357788
1.26,0.74,0.51,0.89,1.06,1.11,1.15,0.87,0.9,19429,15.903886795043945
1.27,0.74,0.51,0.89,1.06,1.11,1.15,0.87,0.9,20010,15.907006740570068
1.26,0.74,0.51,0.89,1.06,1.11,1.14,0.86,0.9,19459,15.912062406539917
1.26,0.74,0.51,0.89,1.06,1.12,1.15,0.86,0.9,19638,15.915360450744629
1.27,0.74,0.51,0.89,1.06,1.11,1.15,0.86,0.9,19831,15.918497800827026
1.26,0.74,0.51,0.89,1.06,1.11,1.15,0.86,0.9,19666,15.919560194015503
1.26,0.74,0.51,0.89,1.06,1.11,1.15,0.86,0.9,19597,15.924621105194092
1.26,0.74,0.51,0.89,1.06,1.11,1.15,0.86,0.9,19712,15.927654266357422
1.26,0.74,0.52,0.89,1.06,1.11,1.15,0.86,0.9,20113,15.931664943695068
1.26,0.74,0.51,0.89,1.06,1.11,1.15,0.86,0.9,20012,15.93263840675354
1.26,0.74,0.51,0.89,1.06,1.11,1.15,0.86,0.9,19847,15.93617558479309
1.26,0.74,0.51,0.89,1.06,1.11,1.14,0.86,0.9,20262,15.939899444580078
1.26,0.74,0.51,0.88,1.06,1.12,1.14,0.86,0.9,20101,15.944063425064087
1.27,0.74,0.51,0.89,1.05,1.12,1.15,0.86,0.9,19962,15.944063425064087
1.26,0.74,0.51,0.89,1.06,1.11,1.15,0.86,0.9,20019,15.948343753814697
1.27,0.74,0.51,0.89,1.05,1.12,1.15,0.86,0.9,19770,15.952048778533936
1.26,0.74,0.51,0.88,1.06,1.11,1.15,0.86,0.9,19537,15.956090211868286
1.26,0.74,0.51,0.88,1.05,1.11,1.14,0.87,0.9,19540,15.956090211868286
1.27,0.74,0.51,0.89,1.05,1.11,1.15,0.86,0.9,19775,15.9610915184021
1.27,0.74,0.51,0.89,1.05,1.12,1.14,0.86,0.9,19990,15.964351415634155
1.26,0.75,0.5,0.89,1.06,1.12,1.15,0.85,0.9,19669,15.968365907669067
1.27,0.75,0.51,0.89,1.05,1.12,1.14,0.86,0.9,20056,15.968365907669067
1.26,0.74,0.51,0.89,1.05,1.12,1.14,0.86,0.9,20055,15.972362041473389
1.27,0.75,0.51,0.89,1.05,1.12,1.14,0.86,0.9,19778,15.976527452468872
1.26,0.74,0.51,0.89,1.05,1.12,1.15,0.86,0.9,19699,15.980674266815186
1.26,0.74,0.51,0.89,1.05,1.12,1.15,0.86,0.9,20204,15.98376727104187
1.26,0.74,0.51,0.89,1.06,1.12,1.15,0.87,0.9,20413,15.984766960144043
1.26,0.74,0.51,0.89,1.05,1.12,1.15,0.86,0.9,19698,15.989462614059448
1.26,0.74,0.51,0.89,1.05,1.11,1.14,0.87,0.9,19367,15.993462324142456
1.26,0.74,0.51,0.89,1.05,1.12,1.15,0.86,0.9,19676,15.997454166412354
1.26,0.75,0.51,0.89,1.05,1.11,1.14,0.87,0.9,19859,15.997454166412354
1.26,0.75,0.51,0.89,1.05,1.12,1.15,0.87,0.9,19472,16.00100541114807
1.26,0.74,0.51,0.89,1.05,1.11,1.15,0.87,0.9,19707,16.006313800811768
1.26,0.74,0.51,0.89,1.05,1.12,1.15,0.87,0.9,19690,16.009553909301758
1.26,0.75,0.51,0.89,1.05,1.12,1.15,0.87,0.9,19889,16.010599374771118
1.26,0.75,0.51,0.89,1.05,1.11,1.15,0.86,0.9,20124,16.013750791549683
1.26,0.75,0.51,0.89,1.05,1.11,1.15,0.86,0.9,20085,16.017248392105103
1.26,0.74,0.51,0.89,1.04,1.11,1.15,0.86,0.9,20166,16.021249532699585
1.25,0.75,0.51,0.89,1.06,1.11,1.15,0.87,0.9,20095,16.0225830078125
1.25,0.75,0.51,0.89,1.05,1.11,1.15,0.86,0.9,20124,16.02558708190918
1.26,0.75,0.51,0.89,1.05,1.11,1.15,0.87,0.9,20063,16.029720067977905
1.26,0.74,0.51,0.89,1.05,1.11,1.15,0.86,0.9,19650,16.03372097015381
1.26,0.75,0.51,0.89,1.05,1.11,1.15,0.87,0.9,19421,16.03372097015381
1.26,0.74,0.51,0.89,1.05,1.11,1.15,0.86,0.9,19942,16.03770685195923
1.25,0.75,0.51,0.89,1.05,1.11,1.16,0.86,0.9,20219,16.041855812072754
1.26,0.74,0.52,0.89,1.05,1.11,1.15,0.87,0.9,19974,16.04587411880493
1.25,0.75,0.52,0.89,1.05,1.11,1.15,0.86,0.9,19945,16.04587411880493
1.25,0.74,0.52,0.89,1.06,1.11,1.16,0.86,0.9,19768,16.049855709075928
1.26,0.74,0.52,0.89,1.05,1.11,1.15,0.87,0.9,19379,16.054858684539795
1.26,0.74,0.52,0.89,1.06,1.11,1.15,0.87,0.9,19472,16.05887246131897
1.26,0.74,0.52,0.89,1.05,1.11,1.15,0.87,0.9,19751,16.061957359313965
1.26,0.75,0.52,0.89,1.05,1.11,1.15,0.87,0.9,19726,16.06298041343689
1.26,0.74,0.52,0.89,1.05,1.11,1.16,0.87,0.9,19659,16.067193746566772
1.26,0.74,0.52,0.89,1.05,1.11,1.16,0.87,0.9,19752,16.07128882408142
1.26,0.74,0.52,0.89,1.05,1.11,1.15,0.87,0.9,20165,16.07472062110901
1.26,0.75,0.52,0.89,1.05,1.11,1.15,0.87,0.9,20064,16.07472062110901
1.26,0.75,0.51,0.89,1.05,1.11,1.16,0.87,0.9,20289,16.079526662826538
1.26,0.74,0.52,0.89,1.05,1.11,1.16,0.87,0.9,19930,16.08370327949524
1.26,0.75,0.51,0.89,1.05,1.11,1.15,0.87,0.9,19625,16.08670663833618
1.26,0.74,0.52,0.89,1.05,1.11,1.15,0.87,0.9,19812,16.087706804275513
1.26,0.75,0.52,0.9,1.05,1.11,1.15,0.87,0.9,20065,16.091716527938843
1.26,0.75,0.52,0.89,1.05,1.11,1.16,0.87,0.9,19866,16.095730304718018
1.26,0.75,0.51,0.89,1.05,1.11,1.16,0.87,0.9,19947,16.099399089813232
1.26,0.75,0.52,0.89,1.05,1.11,1.16,0.87,0.9,20332,16.100451231002808
1.25,0.75,0.52,0.9,1.05,1.11,1.16,0.87,0.9,19923,16.104419231414795
1.26,0.75,0.52,0.89,1.05,1.11,1.16,0.87,0.9,19300,16.108646631240845
1.26,0.75,0.52,0.89,1.05,1.11,1.16,0.87,0.9,19427,16.111758708953857
1.26,0.75,0.52,0.89,1.05,1.11,1.16,0.87,0.9,19766,16.11275601387024
1.26,0.75,0.52,0.89,1.05,1.11,1.16,0.87,0.9,19693,16.115758657455444
1.26,0.75,0.52,0.89,1.05,1.11,1.16,0.87,0.89,20132,16.11976194381714
1.26,0.75,0.52,0.89,1.06,1.11,1.16,0.87,0.9,20301,16.123758554458618
1.26,0.75,0.52,0.9,1.05,1.11,1.16,0.87,0.9,19908,16.12475824356079
1.26,0.75,0.52,0.9,1.05,1.11,1.16,0.87,0.9,19809,16.127908945083618
1.25,0.74,0.52,0.89,1.05,1.11,1.16,0.87,0.9,19896,16.13299012184143
1.26,0.75,0.51,0.89,1.05,1.11,1.16,0.87,0.89,19783,16.136291027069092
1.26,0.75,0.52,0.89,1.05,1.11,1.16,0.87,0.9,19588,16.137337684631348
1.25,0.75,0.52,0.89,1.05,1.12,1.16,0.87,0.89,20051,16.141335248947144
1.26,0.75,0.52,0.9,1.05,1.11,1.16,0.87,0.9,20436,16.14432978630066
1.26,0.75,0.52,0.89,1.05,1.11,1.16,0.87,0.89,19921,16.149333953857422
1.25,0.75,0.52,0.88,1.05,1.12,1.16,0.87,0.9,19612,16.152574062347412
1.26,0.75,0.51,0.89,1.06,1.12,1.16,0.87,0.89,19529,16.153634071350098
1.26,0.75,0.52,0.89,1.05,1.11,1.16,0.87,0.9,20020,16.156591415405273
1.25,0.75,0.52,0.89,1.05,1.11,1.16,0.87,0.9,20089,16.160828590393066
1.26,0.75,0.52,0.89,1.05,1.11,1.16,0.87,0.9,19990,16.165945768356323
1.26,0.75,0.52,0.89,1.05,1.12,1.16,0.86,0.9,19675,16.165945768356323
1.26,0.75,0.52,0.89,1.05,1.11,1.16,0.87,0.9,19810,16.169945240020752
1.26,0.75,0.52,0.89,1.05,1.11,1.16,0.87,0.9,20101,16.17394495010376
1.26,0.75,0.52,0.89,1.05,1.11,1.16,0.87,0.9,19798,16.17794108390808
1.26,0.75,0.52,0.89,1.05,1.11,1.15,0.87,0.9,20005,16.17794108390808
1.26,0.75,0.52,0.89,1.05,1.11,1.16,0.87,0.9,19914,16.18225932121277
1.26,0.75,0.52,0.89,1.05,1.12,1.15,0.87,0.9,19953,16.18589496612549
1.26,0.75,0.52,0.89,1.05,1.12,1.16,0.87,0.9,19788,16.189898252487183
1.26,0.75,0.52,0.89,1.05,1.12,1.16,0.87,0.9,19487,16.19094181060791
1.25,0.75,0.52,0.89,1.05,1.12,1.16,0.87,0.9,19606,16.193742036819458
1.26,0.75,0.52,0.89,1.05,1.12,1.16,0.87,0.9,19911,16.197901725769043
1.26,0.75,0.52,0.89,1.05,1.12,1.16,0.87,0.9,19874,16.20200824737549
1.26,0.75,0.52,0.88,1.05,1.12,1.15,0.87,0.9,19597,16.203032970428467
1.26,0.75,0.52,0.89,1.05,1.11,1.15,0.87,0.9,19780,16.20645523071289
1.26,0.75,0.52,0.89,1.05,1.11,1.16,0.87,0.9,20239,16.210455179214478
1.25,0.75,0.52,0.89,1.05,1.12,1.16,0.87,0.9,20398,16.214946031570435
1.26,0.75,0.52,0.88,1.05,1.12,1.15,0.86,0.9,20115,16.214946031570435
1.26,0.75,0.52,0.88,1.05,1.12,1.15,0.87,0.9,20288,16.21908926963806
1.26,0.75,0.52,0.89,1.05,1.12,1.16,0.87,0.9,19695,16.222952127456665
1.26,0.74,0.52,0.89,1.05,1.11,1.16,0.87,0.9,19812,16.22806978225708
1.26,0.75,0.52,0.89,1.05,1.12,1.15,0.87,0.9,19889,16.22806978225708
1.26,0.75,0.52,0.89,1.05,1.11,1.15,0.87,0.9,20000,16.231083631515503
1.26,0.75,0.52,0.88,1.05,1.11,1.15,0.87,0.9,19489,16.235119581222534
1.26,0.75,0.52,0.89,1.05,1.11,1.15,0.87,0.9,19606,16.239174604415894
1.26,0.75,0.52,0.89,1.05,1.11,1.15,0.87,0.9,19801,16.242694854736328
1.26,0.75,0.52,0.89,1.05,1.12,1.15,0.87,0.9,19638,16.24372625350952
1.26,0.75,0.52,0.89,1.05,1.11,1.15,0.87,0.9,19447,16.246721744537354
1.26,0.75,0.52,0.89,1.05,1.12,1.15,0.87,0.9,19874,16.250725507736206
1.26,0.75,0.52,0.89,1.05,1.11,1.15,0.87,0.9,19897,16.254725217819214
1.26,0.75,0.52,0.88,1.05,1.12,1.15,0.87,0.9,19704,16.255726099014282
1.26,0.75,0.52,0.88,1.05,1.12,1.15,0.87,0.9,19637,16.259013891220093
1.27,0.75,0.52,0.89,1.05,1.11,1.15,0.87,0.9,19544,16.26304817199707
1.27,0.75,0.52,0.88,1.05,1.11,1.15,0.87,0.9,20057,16.267148971557617
1.26,0.75,0.52,0.88,1.05,1.11,1.15,0.87,0.9,19932,16.268149375915527
1.26,0.75,0.52,0.89,1.05,1.11,1.15,0.87,0.9,19777,16.272149085998535
1.26,0.75,0.52,0.88,1.05,1.12,1.15,0.87,0.9,19768,16.276150703430176
1.27,0.75,0.52,0.89,1.05,1.11,1.15,0.87,0.9,19641,16.279666662216187
1.26,0.75,0.51,0.89,1.04,1.11,1.15,0.87,0.9,19656,16.279666662216187
1.27,0.74,0.51,0.89,1.05,1.12,1.15,0.87,0.9,19419,16.284814596176147
1.26,0.75,0.51,0.89,1.05,1.12,1.15,0.87,0.9,19330,16.287975549697876
1.26,0.75,0.51,0.89,1.05,1.12,1.15,0.87,0.9,19399,16.292613744735718
1.26,0.75,0.51,0.89,1.05,1.12,1.15,0.87,0.9,19684,16.292613744735718
1.27,0.75,0.51,0.88,1.05,1.12,1.15,0.87,0.9,19493,16.29657816886902
1.27,0.75,0.51,0.88,1.05,1.11,1.15,0.87,0.9,19824,16.300577878952026
1.27,0.75,0.51,0.89,1.05,1.11,1.15,0.87,0.9,19985,16.304974794387817
1.26,0.74,0.51,0.89,1.05,1.12,1.15,0.87,0.9,19896,16.308432579040527
1.27,0.75,0.51,0.88,1.05,1.11,1.15,0.87,0.89,19417,16.309200763702393
1.27,0.75,0.51,0.89,1.05,1.11,1.15,0.87,0.9,19730,16.31221294403076
1.26,0.75,0.51,0.88,1.05,1.11,1.15,0.87,0.9,20293,16.316789865493774
1.26,0.75,0.51,0.89,1.05,1.11,1.15,0.87,0.89,20136,16.320789337158203
1.26,0.75,0.51,0.88,1.05,1.11,1.15,0.87,0.9,19813,16.321789026260376
1.26,0.75,0.51,0.88,1.05,1.11,1.15,0.87,0.9,19958,16.325060606002808
1.26,0.75,0.51,0.88,1.05,1.11,1.15,0.87,0.9,20021,16.329071044921875
1.26,0.75,0.51,0.88,1.05,1.11,1.15,0.87,0.9,19868,16.333285808563232
1.27,0.75,0.51,0.88,1.05,1.11,1.16,0.87,0.9,19799,16.333285808563232
1.26,0.75,0.51,0.88,1.05,1.11,1.15,0.87,0.9,19486,16.337204456329346
1.27,0.75,0.51,0.88,1.05,1.11,1.15,0.88,0.9,19779,16.34231400489807
1.27,0.74,0.51,0.88,1.05,1.11,1.15,0.87,0.9,19768,16.345630884170532
1.26,0.75,0.51,0.88,1.05,1.11,1.15,0.87,0.9,19445,16.3466534614563
1.27,0.75,0.51,0.88,1.05,1.11,1.15,0.88,0.9,19476,16.348675966262817
1.27,0.75,0.51,0.88,1.05,1.11,1.15,0.87,0.9,19199,16.35322642326355
1.26,0.75,0.51,0.88,1.05,1.11,1.15,0.87,0.9,19618,16.358024835586548
1.27,0.75,0.51,0.88,1.05,1.11,1.15,0.87,0.9,19667,16.358024835586548
1.27,0.75,0.51,0.88,1.05,1.11,1.16,0.88,0.9,19904,16.36199712753296
1.27,0.75,0.51,0.88,1.05,1.11,1.15,0.87,0.9,19801,16.366045713424683
1.27,0.75,0.51,0.88,1.05,1.11,1.15,0.87,0.9,19526,16.370129108428955
1.27,0.75,0.51,0.89,1.05,1.11,1.15,0.87,0.9,19785,16.371042013168335
1.27,0.75,0.51,0.88,1.04,1.11,1.15,0.86,0.9,19834,16.37432885169983
1.27,0.75,0.51,0.88,1.05,1.11,1.15,0.87,0.9,19763,16.378371953964233
1.27,0.75,0.51,0.88,1.05,1.11,1.15,0.87,0.9,19662,16.382747888565063
1.27,0.75,0.51,0.88,1.05,1.11,1.15,0.87,0.9,19761,16.385775566101074
1.27,0.75,0.51,0.88,1.05,1.11,1.15,0.87,0.9,19816,16.386764764785767
1.27,0.75,0.51,0.88,1.05,1.11,1.15,0.87,0.9,20169,16.39073371887207
1.27,0.75,0.52,0.88,1.05,1.11,1.15,0.87,0.9,20410,16.394736289978027
1.27,0.75,0.52,0.88,1.05,1.11,1.15,0.87,0.9,20431,16.398739337921143
1.27,0.75,0.51,0.88,1.05,1.11,1.15,0.87,0.9,19776,16.399736166000366
1.26,0.75,0.52,0.88,1.05,1.11,1.15,0.88,0.9,19427,16.402743816375732
1.26,0.75,0.52,0.88,1.05,1.11,1.15,0.87,0.9,19782,16.4065363407135
1.27,0.75,0.52,0.88,1.05,1.12,1.15,0.87,0.9,19843,16.410609245300293
1.27,0.75,0.52,0.88,1.06,1.11,1.15,0.88,0.9,19856,16.410609245300293
1.27,0.75,0.52,0.88,1.05,1.12,1.15,0.87,0.9,19947,16.41487169265747
1.27,0.75,0.52,0.88,1.05,1.11,1.15,0.87,0.9,19508,16.418867588043213
1.27,0.75,0.52,0.88,1.06,1.12,1.15,0.88,0.9,19857,16.42310905456543
1.27,0.75,0.52,0.88,1.05,1.12,1.15,0.87,0.9,20186,16.423868417739868
1.27,0.75,0.52,0.88,1.05,1.12,1.15,0.88,0.9,19699,16.42785143852234
1.27,0.75,0.52,0.88,1.05,1.12,1.16,0.87,0.9,19702,16.432425498962402
1.27,0.76,0.52,0.89,1.05,1.11,1.15,0.87,0.9,19677,16.43595552444458
1.27,0.76,0.51,0.88,1.05,1.12,1.15,0.88,0.9,19680,16.43595552444458
1.27,0.75,0.52,0.88,1.05,1.12,1.15,0.88,0.9,19545,16.440425157546997
1.27,0.76,0.51,0.88,1.05,1.12,1.16,0.88,0.9,19652,16.444425344467163
1.27,0.75,0.51,0.88,1.05,1.12,1.15,0.88,0.9,19423,16.447463512420654
1.27,0.75,0.51,0.89,1.05,1.11,1.16,0.88,0.9,19746,16.45191764831543
1.26,0.75,0.51,0.88,1.05,1.11,1.15,0.88,0.9,19597,16.452574729919434
1.27,0.75,0.51,0.88,1.05,1.11,1.15,0.88,0.9,19532,16.45657253265381
1.27,0.76,0.52,0.88,1.05,1.11,1.15,0.88,0.9,19937,16.46013832092285
1.27,0.75,0.52,0.88,1.05,1.11,1.16,0.88,0.9,19886,16.464216470718384
1.27,0.75,0.52,0.88,1.05,1.11,1.16,0.88,0.9,19955,16.465260982513428
1.27,0.75,0.52,0.88,1.04,1.11,1.15,0.88,0.9,19828,16.468261241912842
1.27,0.76,0.51,0.88,1.05,1.11,1.15,0.87,0.9,19569,16.473312616348267
1.27,0.76,0.51,0.88,1.05,1.11,1.16,0.87,0.9,19760,16.47642421722412
1.27,0.76,0.51,0.88,1.05,1.11,1.15,0.87,0.9,19979,16.477351427078247
1.26,0.76,0.51,0.88,1.05,1.11,1.15,0.87,0.9,19970,16.48117756843567
1.27,0.75,0.52,0.88,1.04,1.11,1.15,0.88,0.9,19413,16.485206127166748
1.26,0.76,0.51,0.88,1.05,1.11,1.15,0.88,0.9,19748,16.488881587982178
1.27,0.75,0.52,0.88,1.05,1.11,1.15,0.88,0.9,19955,16.48990797996521
1.26,0.76,0.51,0.88,1.05,1.11,1.15,0.88,0.9,20320,16.492790699005127
1.27,0.75,0.51,0.88,1.05,1.11,1.15,0.88,0.9,20053,16.4968843460083
1.26,0.75,0.52,0.89,1.05,1.11,1.15,0.88,0.9,20112,16.501288652420044
1.27,0.75,0.52,0.88,1.05,1.11,1.16,0.88,0.9,20423,16.501288652420044
1.27,0.75,0.51,0.88,1.05,1.11,1.16,0.88,0.9,20050,16.505042791366577
1.27,0.75,0.52,0.89,1.05,1.11,1.15,0.88,0.9,19883,16.509395122528076
1.27,0.75,0.52,0.89,1.05,1.11,1.15,0.88,0.9,19712,16.51393747329712
1.27,0.75,0.52,0.89,1.05,1.12,1.15,0.88,0.9,19553,16.517427682876587
1.27,0.75,0.52,0.89,1.05,1.11,1.15,0.88,0.9,19554,16.518460512161255
1.27,0.75,0.52,0.89,1.05,1.11,1.16,0.87,0.9,19699,16.522461414337158
1.27,0.75,0.52,0.88,1.05,1.11,1.15,0.88,0.9,19994,16.52610158920288
1.27,0.75,0.52,0.89,1.05,1.11,1.16,0.88,0.9,20103,16.52964687347412
1.27,0.75,0.51,0.89,1.05,1.11,1.15,0.88,0.9,19882,16.530692100524902
1.27,0.76,0.52,0.89,1.05,1.11,1.15,0.87,0.9,20267,16.534688472747803
1.27,0.75,0.51,0.89,1.05,1.11,1.16,0.88,0.9,20548,16.53801417350769
1.27,0.75,0.52,0.88,1.05,1.11,1.16,0.88,0.9,20181,16.541947841644287
1.27,0.75,0.51,0.88,1.05,1.11,1.16,0.88,0.9,20500,16.541947841644287
1.27,0.76,0.52,0.89,1.05,1.11,1.15,0.87,0.9,20525,16.5458345413208
1.27,0.76,0.52,0.89,1.05,1.12,1.15,0.88,0.9,20034,16.550277948379517
1.27,0.75,0.51,0.89,1.05,1.12,1.15,0.88,0.9,19689,16.55427837371826
1.27,0.75,0.51,0.89,1.05,1.11,1.15,0.87,0.9,19482,16.555257558822632
1.27,0.76,0.52,0.89,1.05,1.11,1.15,0.87,0.9,19499,16.55827832221985
1.27,0.76,0.51,0.89,1.05,1.11,1.15,0.88,0.9,19752,16.562246799468994
1.27,0.75,0.51,0.89,1.05,1.11,1.15,0.87,0.9,19849,16.567256450653076
1.27,0.75,0.51,0.88,1.05,1.11,1.15,0.87,0.9,20080,16.567402362823486
1.27,0.75,0.51,0.89,1.05,1.11,1.15,0.87,0.9,19857,16.570403337478638
1.27,0.75,0.51,0.89,1.06,1.11,1.15,0.88,0.9,20020,16.574409008026123
1.27,0.75,0.52,0.89,1.05,1.11,1.15,0.87,0.9,19939,16.57939648628235
1.27,0.75,0.52,0.89,1.05,1.11,1.15,0.87,0.9,19910,16.57939648628235
1.27,0.76,0.52,0.89,1.05,1.11,1.15,0.88,0.9,20513,16.582944869995117
1.27,0.76,0.52,0.89,1.05,1.11,1.15,0.88,0.9,20522,16.586987018585205
1.26,0.75,0.52,0.89,1.05,1.11,1.15,0.88,0.9,19953,16.590986967086792
1.27,0.76,0.51,0.89,1.05,1.11,1.15,0.87,0.9,19632,16.594989776611328
1.26,0.76,0.51,0.89,1.05,1.11,1.15,0.88,0.9,19875,16.595770359039307
1.26,0.76,0.52,0.89,1.05,1.11,1.15,0.88,0.9,20156,16.5993971824646
1.27,0.76,0.51,0.89,1.05,1.11,1.15,0.88,0.9,20113,16.603244304656982
1.27,0.76,0.51,0.89,1.05,1.12,1.15,0.88,0.9,20136,16.606654167175293
1.27,0.76,0.51,0.89,1.05,1.11,1.15,0.87,0.9,19937,16.607691764831543
1.27,0.75,0.51,0.89,1.05,1.12,1.15,0.88,0.9,19654,16.61098623275757
1.27,0.75,0.51,0.89,1.05,1.12,1.15,0.88,0.9,19423,16.615997076034546
1.27,0.76,0.51,0.89,1.05,1.11,1.15,0.88,0.9,19818,16.6191668510437
1.28,0.76,0.51,0.89,1.05,1.12,1.15,0.88,0.9,19895,16.6191668510437
1.27,0.76,0.52,0.89,1.05,1.12,1.15,0.88,0.9,19996,16.624231576919556
1.27,0.76,0.51,0.89,1.05,1.11,1.15,0.88,0.9,19915,16.628633975982666
1.27,0.76,0.51,0.89,1.05,1.11,1.15,0.88,0.9,19904,16.631902933120728
1.27,0.76,0.51,0.89,1.05,1.11,1.15,0.87,0.9,19959,16.632628917694092
1.27,0.75,0.51,0.89,1.05,1.11,1.15,0.88,0.9,19322,16.63610863685608
1.27,0.76,0.52,0.88,1.05,1.12,1.15,0.88,0.9,19621,16.64130687713623
1.27,0.75,0.51,0.89,1.06,1.12,1.15,0.88,0.9,20190,16.644282341003418
1.27,0.75,0.51,0.89,1.05,1.12,1.16,0.88,0.9,19897,16.644282341003418
1.28,0.76,0.51,0.89,1.05,1.11,1.15,0.88,0.9,20178,16.64840269088745
1.27,0.75,0.51,0.89,1.06,1.12,1.15,0.88,0.9,20059,16.652236461639404
1.27,0.75,0.51,0.89,1.05,1.11,1.16,0.88,0.9,19562,16.65734100341797
1.28,0.75,0.52,0.89,1.05,1.12,1.16,0.88,0.9,19691,16.660571575164795
1.27,0.75,0.51,0.89,1.06,1.11,1.15,0.88,0.9,20146,16.661344528198242
1.27,0.75,0.52,0.89,1.05,1.11,1.15,0.88,0.9,20189,16.665344715118408
1.28,0.75,0.52,0.89,1.05,1.11,1.15,0.88,0.9,19676,16.669652223587036
1.28,0.75,0.51,0.89,1.05,1.11,1.15,0.88,0.9,19787,16.672996282577515
1.28,0.75,0.51,0.89,1.06,1.11,1.15,0.88,0.9,19686,16.672996282577515
1.28,0.75,0.51,0.89,1.06,1.11,1.15,0.88,0.9,19527,16.677093267440796
1.28,0.75,0.51,0.88,1.05,1.11,1.15,0.88,0.9,19928,16.681053638458252
1.28,0.75,0.51,0.89,1.06,1.11,1.15,0.88,0.9,20319,16.68531060218811
1.27,0.75,0.51,0.89,1.06,1.11,1.15,0.88,0.9,20122,16.68608283996582
1.27,0.75,0.51,0.89,1.05,1.12,1.15,0.88,0.9,19735,16.68966031074524
1.27,0.75,0.51,0.89,1.05,1.12,1.15,0.87,0.9,19992,16.694643020629883
1.27,0.75,0.51,0.89,1.06,1.11,1.15,0.88,0.9,20199,16.69770574569702
1.27,0.75,0.51,0.89,1.06,1.11,1.15,0.88,0.9,19978,16.698863983154297
1.26,0.75,0.51,0.89,1.05,1.11,1.15,0.88,0.9,19983,16.70232081413269
1.28,0.75,0.51,0.89,1.06,1.11,1.15,0.88,0.9,19864,16.70571517944336
1.27,0.75,0.51,0.9,1.06,1.11,1.15,0.87,0.9,19809,16.70993399620056
1.27,0.75,0.51,0.89,1.06,1.11,1.15,0.88,0.9,20108,16.71075201034546
1.27,0.75,0.51,0.89,1.06,1.11,1.15,0.87,0.9,20419,16.71474814414978
1.27,0.75,0.52,0.89,1.06,1.11,1.15,0.88,0.9,20018,16.71833372116089
1.27,0.75,0.51,0.89,1.06,1.11,1.15,0.88,0.9,19687,16.72188448905945
1.27,0.75,0.51,0.89,1.06,1.11,1.15,0.88,0.9,19736,16.726232290267944
1.28,0.76,0.51,0.89,1.05,1.11,1.15,0.88,0.9,19737,16.726935625076294
1.27,0.76,0.51,0.89,1.05,1.11,1.15,0.88,0.9,19620,16.731003284454346
1.27,0.76,0.51,0.89,1.06,1.12,1.15,0.88,0.9,19769,16.735310554504395
1.27,0.76,0.51,0.89,1.06,1.11,1.15,0.88,0.9,20066,16.738525390625
1.27,0.76,0.51,0.89,1.06,1.12,1.15,0.88,0.9,19669,16.739582777023315
1.27,0.75,0.51,0.89,1.05,1.11,1.15,0.88,0.9,19824,16.743577480316162
1.27,0.75,0.51,0.89,1.05,1.11,1.15,0.88,0.9,20173,16.746927738189697
1.28,0.76,0.51,0.89,1.06,1.11,1.15,0.88,0.9,20128,16.7509286403656
1.27,0.75,0.51,0.89,1.05,1.11,1.15,0.88,0.9,20107,16.75192356109619
1.27,0.75,0.51,0.89,1.05,1.11,1.15,0.88,0.9,19426,16.754928588867188
1.27,0.75,0.51,0.89,1.06,1.11,1.15,0.88,0.9,19741,16.759154558181763
1.27,0.76,0.51,0.89,1.05,1.11,1.15,0.88,0.91,19778,16.763131856918335
1.27,0.75,0.51,0.88,1.05,1.11,1.15,0.88,0.9,20065,16.763131856918335
1.27,0.75,0.51,0.89,1.06,1.11,1.15,0.88,0.9,19914,16.767654418945312
1.28,0.75,0.51,0.89,1.05,1.11,1.15,0.88,0.9,20105,16.77094268798828
1.27,0.76,0.51,0.89,1.05,1.11,1.15,0.88,0.91,19988,16.775459051132202
1.27,0.75,0.51,0.89,1.05,1.11,1.15,0.88,0.91,19833,16.776544332504272
1.27,0.75,0.51,0.89,1.05,1.11,1.15,0.88,0.9,20032,16.779544591903687
1.27,0.76,0.51,0.89,1.05,1.11,1.15,0.88,0.9,19983,16.78400707244873
1.27,0.75,0.51,0.89,1.05,1.11,1.15,0.88,0.9,19904,16.788134574890137
1.27,0.76,0.52,0.89,1.05,1.11,1.15,0.88,0.9,20565,16.788134574890137
1.27,0.75,0.51,0.89,1.05,1.11,1.15,0.88,0.91,20410,16.79181432723999
1.27,0.75,0.51,0.89,1.05,1.12,1.15,0.88,0.9,19743,16.796567678451538
1.27,0.76,0.51,0.89,1.05,1.11,1.15,0.88,0.9,19956,16.80003261566162
1.27,0.76,0.51,0.89,1.05,1.11,1.15,0.88,0.9,20661,16.803759336471558
1.27,0.76,0.51,0.89,1.06,1.11,1.15,0.88,0.9,19880,16.803759336471558
1.27,0.75,0.51,0.89,1.05,1.11,1.15,0.88,0.9,19773,16.808793306350708
1.27,0.75,0.51,0.9,1.05,1.11,1.15,0.88,0.91,19828,16.812803506851196
1.27,0.75,0.51,0.89,1.05,1.11,1.15,0.88,0.91,19353,16.815884113311768
1.27,0.75,0.51,0.89,1.05,1.12,1.15,0.88,0.9,19852,16.81679391860962
1.28,0.75,0.51,0.89,1.06,1.11,1.16,0.88,0.91,19867,16.82015562057495
1.27,0.75,0.51,0.89,1.05,1.11,1.15,0.88,0.9,19642,16.825207710266113
1.28,0.76,0.51,0.89,1.05,1.12,1.16,0.88,0.9,19551,16.827849626541138
1.27,0.75,0.51,0.89,1.05,1.11,1.15,0.88,0.9,19684,16.828855752944946
1.27,0.75,0.51,0.89,1.05,1.12,1.15,0.88,0.9,19945,16.83354353904724
1.27,0.75,0.51,0.88,1.05,1.11,1.15,0.88,0.9,19864,16.837572813034058
1.27,0.75,0.51,0.89,1.06,1.12,1.15,0.88,0.9,20015,16.840838193893433
1.28,0.75,0.51,0.89,1.05,1.11,1.16,0.88,0.9,19944,16.841572999954224
1.27,0.76,0.51,0.89,1.05,1.12,1.15,0.88,0.9,19709,16.845149755477905
1.27,0.75,0.51,0.9,1.05,1.11,1.16,0.88,0.9,20074,16.849120140075684
1.27,0.76,0.51,0.9,1.06,1.11,1.16,0.88,0.9,20311,16.853631496429443
1.27,0.75,0.51,0.89,1.05,1.11,1.16,0.88,0.91,20074,16.853631496429443
1.27,0.75,0.51,0.89,1.05,1.11,1.16,0.88,0.9,19997,16.856983184814453
1.27,0.75,0.51,0.89,1.05,1.11,1.16,0.88,0.91,19892,16.862080097198486
1.26,0.75,0.51,0.89,1.05,1.11,1.16,0.88,0.9,20093,16.86609983444214
1.27,0.75,0.51,0.89,1.05,1.12,1.16,0.88,0.9,20106,16.869384765625
1.27,0.75,0.51,0.89,1.05,1.12,1.15,0.88,0.91,19597,16.870144367218018
1.27,0.75,0.51,0.89,1.05,1.11,1.15,0.88,0.9,19650,16.874144077301025
1.27,0.75,0.51,0.89,1.06,1.11,1.15,0.88,0.91,19909,16.878620862960815
1.27,0.75,0.51,0.89,1.05,1.12,1.15,0.88,0.91,19914,16.881575107574463
1.27,0.75,0.51,0.89,1.05,1.12,1.16,0.88,0.91,19841,16.88266372680664
1.27,0.75,0.51,0.89,1.06,1.12,1.16,0.88,0.91,19922,16.8864483833313
1.27,0.75,0.51,0.89,1.05,1.12,1.16,0.88,0.9,20133,16.890495538711548
1.27,0.75,0.51,0.89,1.05,1.12,1.15,0.88,0.9,19730,16.893839120864868
1.27,0.75,0.51,0.89,1.05,1.12,1.15,0.88,0.9,19807,16.894877433776855
1.26,0.75,0.51,0.89,1.05,1.12,1.16,0.88,0.9,19890,16.89855694770813
1.26,0.76,0.51,0.9,1.05,1.11,1.16,0.89,0.9,19611,16.902962684631348
1.25,0.75,0.51,0.9,1.05,1.12,1.16,0.88,0.9,19672,16.906320095062256
1.25,0.75,0.51,0.9,1.06,1.12,1.16,0.88,0.91,19799,16.90704870223999
1.25,0.75,0.51,0.89,1.06,1.12,1.16,0.88,0.9,19912,16.911048412322998
1.25,0.75,0.51,0.9,1.05,1.12,1.15,0.88,0.9,20065,16.915040254592896
1.25,0.76,0.51,0.9,1.05,1.12,1.16,0.88,0.9,19926,16.91918158531189
1.25,0.76,0.51,0.9,1.06,1.12,1.16,0.88,0.9,20023,16.91918158531189
1.26,0.75,0.51,0.9,1.06,1.11,1.16,0.88,0.91,20112,16.923181295394897
1.25,0.75,0.51,0.89,1.06,1.12,1.16,0.88,0.91,19927,16.927295923233032
1.26,0.76,0.51,0.9,1.06,1.12,1.16,0.88,0.9,20110,16.930721521377563
1.25,0.75,0.5,0.9,1.06,1.12,1.16,0.88,0.9,19779,16.93188238143921
1.26,0.75,0.51,0.89,1.06,1.12,1.16,0.88,0.91,19752,16.935154676437378
1.26,0.75,0.5,0.9,1.06,1.12,1.16,0.88,0.91,20059,16.940160989761353
1.26,0.75,0.5,0.89,1.06,1.12,1.16,0.88,0.91,20292,16.943580865859985
1.26,0.75,0.51,0.9,1.06,1.12,1.16,0.88,0.91,19517,16.94780468940735
1.26,0.75,0.5,0.89,1.06,1.12,1.16,0.88,0.91,19544,16.94780468940735
1.26,0.75,0.51,0.9,1.05,1.12,1.15,0.88,0.91,19773,16.951502561569214
1.26,0.75,0.51,0.9,1.06,1.12,1.15,0.88,0.91,20318,16.955476760864258
1.26,0.75,0.51,0.9,1.06,1.11,1.16,0.88,0.91,20225,16.95973229408264
1.26,0.75,0.51,0.9,1.06,1.12,1.16,0.88,0.91,19974,16.96077799797058
1.26,0.75,0.52,0.9,1.06,1.12,1.16,0.88,0.9,20025,16.96379566192627
1.26,0.75,0.52,0.9,1.06,1.12,1.16,0.88,0.9,19826,16.968334197998047
1.25,0.75,0.51,0.9,1.06,1.12,1.15,0.88,0.9,19399,16.97162175178528
1.26,0.75,0.52,0.91,1.05,1.11,1.16,0.88,0.9,19880,16.972354888916016
1.26,0.75,0.52,0.9,1.05,1.12,1.16,0.88,0.9,20103,16.976335048675537
1.25,0.75,0.52,0.91,1.06,1.12,1.16,0.88,0.9,19880,16.9796359539032
1.25,0.75,0.52,0.9,1.06,1.12,1.15,0.89,0.9,20011,16.984371423721313
1.26,0.75,0.52,0.9,1.05,1.12,1.15,0.89,0.91,20428,16.98542881011963
1.26,0.75,0.52,0.9,1.05,1.12,1.15,0.88,0.9,20265,16.988763332366943
1.26,0.75,0.52,0.9,1.05,1.12,1.15,0.88,0.9,19334,16.99363136291504
1.25,0.75,0.52,0.9,1.06,1.12,1.16,0.88,0.91,19705,16.996960639953613
1.26,0.76,0.52,0.9,1.05,1.11,1.16,0.88,0.9,19834,16.99797296524048
1.25,0.75,0.52,0.9,1.06,1.12,1.16,0.88,0.9,19487,17.00099468231201
1.25,0.75,0.52,0.9,1.06,1.11,1.15,0.88,0.91,19504,17.00484299659729
1.25,0.75,0.52,0.9,1.06,1.11,1.15,0.88,0.9,19985,17.008975505828857
1.25,0.75,0.52,0.9,1.06,1.11,1.16,0.88,0.9,20014,17.01241159439087
1.25,0.75,0.52,0.9,1.05,1.11,1.16,0.88,0.91,19961,17.01241159439087
1.26,0.75,0.52,0.9,1.05,1.11,1.16,0.89,0.9,20176,17.017462968826294
1.25,0.75,0.52,0.9,1.05,1.12,1.16,0.88,0.91,20015,17.02148962020874
1.25,0.75,0.52,0.9,1.05,1.11,1.15,0.88,0.9,19716,17.025267601013184
1.26,0.75,0.52,0.9,1.05,1.11,1.15,0.88,0.9,19837,17.02632427215576
1.25,0.75,0.52,0.9,1.06,1.11,1.16,0.88,0.91,19698,17.02932357788086
1.26,0.75,0.51,0.9,1.06,1.12,1.15,0.88,0.91,19537,17.034663677215576
1.25,0.75,0.52,0.91,1.06,1.11,1.15,0.88,0.91,19588,17.037882804870605
1.26,0.75,0.52,0.9,1.06,1.12,1.15,0.88,0.91,19699,17.037882804870605
1.26,0.76,0.52,0.9,1.05,1.12,1.15,0.88,0.91,19472,17.042094469070435
1.26,0.75,0.51,0.9,1.06,1.11,1.15,0.88,0.91,19623,17.046087741851807
1.25,0.75,0.51,0.91,1.06,1.11,1.16,0.88,0.91,19826,17.05009365081787
1.25,0.75,0.51,0.9,1.05,1.12,1.15,0.88,0.91,20023,17.05009365081787
1.26,0.75,0.51,0.9,1.05,1.11,1.15,0.88,0.91,19822,17.054084539413452
1.26,0.75,0.51,0.91,1.06,1.12,1.15,0.88,0.91,19865,17.057796001434326
1.26,0.75,0.51,0.91,1.05,1.11,1.15,0.88,0.91,20306,17.062089681625366
1.26,0.76,0.52,0.9,1.05,1.12,1.15,0.89,0.91,20525,17.06310248374939
1.25,0.75,0.51,0.9,1.05,1.12,1.15,0.88,0.91,19988,17.066104650497437
1.25,0.75,0.51,0.91,1.06,1.12,1.15,0.88,0.91,19859,17.070077419281006
1.25,0.75,0.51,0.91,1.06,1.12,1.16,0.88,0.91,19968,17.074215173721313
1.25,0.75,0.51,0.9,1.05,1.12,1.15,0.88,0.91,19809,17.07821488380432
1.25,0.76,0.51,0.9,1.05,1.11,1.15,0.88,0.91,19996,17.079207181930542
1.25,0.75,0.51,0.9,1.06,1.12,1.15,0.88,0.91,19751,17.08219003677368
1.26,0.75,0.51,0.9,1.05,1.12,1.15,0.88,0.91,19752,17.087312698364258
1.25,0.75,0.51,0.9,1.06,1.11,1.15,0.88,0.91,19797,17.090312719345093
1.26,0.75,0.51,0.9,1.05,1.11,1.15,0.88,0.91,19874,17.091312885284424
1.25,0.75,0.51,0.9,1.06,1.11,1.15,0.88,0.91,19951,17.094613075256348
1.26,0.75,0.52,0.9,1.06,1.12,1.15,0.88,0.91,19812,17.098886728286743
1.25,0.75,0.51,0.9,1.05,1.11,1.15,0.88,0.91,19831,17.10329294204712
1.26,0.75,0.52,0.9,1.06,1.12,1.16,0.88,0.9,20172,17.10329294204712
1.25,0.75,0.52,0.91,1.06,1.12,1.15,0.88,0.91,20097,17.107366800308228
1.26,0.75,0.52,0.91,1.06,1.12,1.16,0.88,0.9,20018,17.111815929412842
1.25,0.75,0.52,0.9,1.06,1.12,1.15,0.88,0.9,19721,17.11479878425598
1.25,0.75,0.52,0.9,1.05,1.12,1.15,0.88,0.9,19624,17.115802526474
1.25,0.75,0.51,0.9,1.06,1.12,1.16,0.88,0.9,19531,17.119801998138428
1.24,0.74,0.51,0.89,1.06,1.12,1.16,0.88,0.9,19750,17.123383283615112
1.23,0.73,0.51,0.87,1.06,1.13,1.16,0.88,0.9,19553,17.12756061553955
1.22,0.73,0.51,0.87,1.06,1.12,1.17,0.87,0.9,19424,17.12854266166687
1.21,0.72,0.5,0.87,1.06,1.12,1.17,0.88,0.89,19827,17.1315975189209
1.15,0.71,0.5,0.87,1.07,1.12,1.18,0.87,0.89,20060,17.13566517829895
1.16,0.71,0.48,0.86,1.06,1.12,1.17,0.87,0.89,20129,17.139814853668213
1.18,0.7,0.48,0.85,1.06,1.12,1.17,0.85,0.9,20336,17.14069962501526
1.16,0.69,0.47,0.86,1.07,1.12,1.17,0.87,0.89,20539,17.143904447555542
1.16,0.7,0.47,0.86,1.07,1.12,1.16,0.86,0.88,20226,17.1481511592865
1.15,0.69,0.46,0.85,1.06,1.12,1.16,0.86,0.88,19789,17.15315270423889
1.16,0.68,0.45,0.86,1.06,1.13,1.17,0.86,0.89,19894,17.15641760826111
1.14,0.68,0.45,0.86,1.06,1.13,1.17,0.85,0.88,19949,17.1571524143219
1.15,0.68,0.46,0.86,1.07,1.13,1.16,0.85,0.88,20018,17.161648750305176
1.15,0.68,0.46,0.84,1.07,1.12,1.14,0.83,0.87,20131,17.165074110031128
1.13,0.68,0.46,0.85,1.06,1.12,1.14,0.84,0.86,20226,17.16863751411438
1.11,0.69,0.46,0.85,1.06,1.12,1.15,0.83,0.85,20351,17.16968321800232
1.1,0.68,0.45,0.86,1.06,1.11,1.14,0.84,0.85,20094,17.172744750976562
1.11,0.69,0.46,0.84,1.06,1.11,1.11,0.83,0.85,19647,17.177016973495483
1.1,0.69,0.45,0.84,1.07,1.11,1.1,0.82,0.85,20014,17.18106722831726
1.09,0.7,0.45,0.82,1.06,1.12,1.1,0.8,0.84,19947,17.18106722831726
1.07,0.7,0.44,0.81,1.05,1.11,1.1,0.8,0.83,19582,17.185375452041626
1.07,0.7,0.45,0.8,1.06,1.11,1.09,0.79,0.8,20107,17.189377784729004
1.06,0.7,0.42,0.79,1.04,1.12,1.08,0.78,0.79,20808,17.192981958389282
1.07,0.7,0.41,0.79,1.05,1.13,1.08,0.78,0.77,19989,17.194016933441162
1.03,0.69,0.4,0.78,1.04,1.13,1.07,0.77,0.76,19702,17.197215795516968
1.04,0.7,0.39,0.76,1.05,1.13,1.05,0.78,0.75,20107,17.202462434768677
1.03,0.7,0.38,0.73,1.05,1.13,1.01,0.79,0.72,20664,17.205566883087158
1.02,0.7,0.37,0.72,1.04,1.12,1.0,0.77,0.7,20041,17.206462621688843
0.99,0.7,0.38,0.7,1.04,1.11,0.99,0.77,0.69,20072,17.20948600769043
1.01,0.71,0.38,0.67,1.02,1.11,0.98,0.77,0.66,20113,17.213441371917725
1.01,0.71,0.37,0.7,1.03,1.1,0.96,0.75,0.64,19830,17.21759557723999
0.98,0.68,0.35,0.7,1.04,1.11,0.93,0.74,0.63,20205,17.21864366531372
0.95,0.68,0.36,0.66,1.0,1.1,0.96,0.73,0.63,20180,17.222232580184937
0.94,0.68,0.36,0.65,1.03,1.1,0.92,0.73,0.62,19699,17.226672887802124
0.93,0.67,0.34,0.68,1.02,1.1,0.9,0.75,0.59,19976,17.230668306350708
0.95,0.67,0.34,0.66,1.02,1.11,0.9,0.74,0.57,19801,17.230668306350708
0.96,0.68,0.33,0.65,1.02,1.1,0.91,0.74,0.56,19680,17.23417353630066
0.95,0.68,0.35,0.67,1.02,1.11,0.91,0.71,0.54,19345,17.238332509994507
0.9,0.67,0.36,0.68,1.01,1.09,0.91,0.72,0.55,19900,17.242791652679443
0.89,0.68,0.32,0.68,1.01,1.09,0.9,0.72,0.53,19893,17.245697021484375
0.91,0.68,0.33,0.65,1.01,1.1,0.88,0.71,0.53,19474,17.246731281280518
0.94,0.69,0.33,0.64,1.01,1.09,0.91,0.71,0.5,19479,17.250518798828125
0.93,0.68,0.3,0.66,1.02,1.08,0.89,0.69,0.47,19720,17.255489587783813
0.9,0.68,0.29,0.65,0.99,1.1,0.89,0.68,0.45,19981,17.25877285003662
0.89,0.68,0.32,0.65,0.99,1.07,0.9,0.67,0.46,19624,17.259488344192505
0.89,0.67,0.35,0.63,0.98,1.07,0.88,0.67,0.43,19239,17.262773036956787
0.87,0.69,0.32,0.62,0.99,1.09,0.85,0.65,0.41,20040,17.268433094024658
0.86,0.68,0.3,0.63,0.98,1.08,0.86,0.64,0.41,19773,17.27143430709839
0.87,0.66,0.31,0.62,0.99,1.09,0.84,0.64,0.4,19426,17.27167057991028
0.83,0.66,0.3,0.61,0.97,1.08,0.81,0.62,0.4,19217,17.27567434310913
0.83,0.67,0.3,0.59,0.97,1.07,0.81,0.6,0.4,19386,17.278950214385986
0.83,0.69,0.29,0.57,0.98,1.06,0.8,0.59,0.4,19397,17.283286333084106
0.84,0.66,0.27,0.56,0.98,1.07,0.78,0.59,0.38,19748,17.283549547195435
0.83,0.67,0.26,0.56,0.96,1.08,0.78,0.58,0.39,19421,17.287609815597534
0.83,0.67,0.28,0.53,0.97,1.05,0.78,0.57,0.38,19220,17.291624307632446
0.79,0.68,0.25,0.5,0.97,1.06,0.76,0.57,0.37,19153,17.29488444328308
0.77,0.67,0.29,0.47,0.98,1.04,0.74,0.58,0.36,19526,17.295884370803833
0.81,0.67,0.27,0.46,0.98,1.06,0.71,0.59,0.34,19709,17.299909114837646
0.81,0.68,0.29,0.46,0.96,1.04,0.71,0.58,0.34,19892,17.304077625274658
0.78,0.68,0.28,0.46,0.95,1.04,0.7,0.58,0.33,19723,17.30779218673706
0.82,0.66,0.27,0.45,0.96,1.04,0.69,0.59,0.33,19470,17.30779218673706
0.77,0.68,0.26,0.44,0.96,1.04,0.68,0.6,0.32,19397,17.31181573867798
0.76,0.68,0.28,0.45,0.99,1.02,0.66,0.59,0.32,19632,17.316052198410034
0.75,0.68,0.26,0.44,0.99,1.04,0.66,0.59,0.29,19175,17.319815397262573
0.76,0.66,0.24,0.45,0.99,1.04,0.65,0.56,0.3,18952,17.320804595947266
0.71,0.66,0.26,0.42,0.98,1.04,0.66,0.57,0.32,18667,17.324902296066284
0.72,0.66,0.26,0.4,0.98,1.04,0.64,0.57,0.31,19202,17.3292818069458
0.7,0.67,0.22,0.4,0.97,1.03,0.63,0.56,0.3,18979,17.333534955978394
0.68,0.66,0.25,0.4,0.98,1.04,0.63,0.55,0.29,18744,17.33663296699524
0.7,0.66,0.22,0.41,0.97,1.04,0.63,0.55,0.25,19229,17.337696313858032
0.71,0.67,0.22,0.4,0.96,1.03,0.62,0.56,0.29,19280,17.34119462966919
0.68,0.67,0.22,0.38,0.96,1.02,0.59,0.54,0.26,18975,17.344470024108887
0.59,0.67,0.2,0.35,0.94,1.0,0.42,0.46,0.2,18524,17.349194288253784
0.5,0.64,0.18,0.28,0.94,0.98,0.3,0.43,0.16,18799,17.349194288253784
0.53,0.62,0.19,0.28,0.91,0.98,0.25,0.43,0.15,20186,17.35319471359253
0.47,0.63,0.2,0.25,0.91,0.96,0.19,0.42,0.16,21695,17.357072830200195
0.45,0.63,0.22,0.22,0.89,0.94,0.19,0.41,0.15,22556,17.36163568496704
0.43,0.63,0.2,0.23,0.89,0.96,0.15,0.39,0.14,24473,17.36163568496704
0.48,0.63,0.22,0.23,0.9,0.94,0.17,0.39,0.15,26378,17.365471601486206
0.46,0.63,0.21,0.24,0.9,0.96,0.15,0.38,0.14,28045,17.370401620864868
0.41,0.62,0.23,0.22,0.9,0.96,0.12,0.38,0.14,28594,17.374816179275513
0.42,0.62,0.21,0.21,0.92,0.97,0.12,0.38,0.13,28493,17.374816179275513
0.43,0.62,0.21,0.23,0.91,0.97,0.14,0.4,0.14,29410,17.37783718109131
0.47,0.64,0.21,0.24,0.91,0.98,0.13,0.39,0.12,29711,17.381836891174316
0.43,0.63,0.21,0.23,0.92,0.98,0.11,0.39,0.13,29486,17.38639545440674
0.4,0.62,0.22,0.22,0.9,0.99,0.13,0.38,0.13,29471,17.38639545440674
0.43,0.63,0.22,0.24,0.89,0.99,0.13,0.36,0.12,29402,17.390382766723633
0.47,0.62,0.22,0.27,0.9,0.99,0.14,0.36,0.12,29039,17.394522428512573
0.44,0.62,0.23,0.24,0.84,0.98,0.14,0.29,0.11,28612,17.398151636123657
0.44,0.59,0.23,0.23,0.82,0.98,0.1,0.23,0.11,28251,17.402509450912476
0.42,0.56,0.24,0.25,0.77,0.97,0.08,0.21,0.11,28086,17.402509450912476
0.42,0.52,0.21,0.23,0.69,0.95,0.1,0.18,0.1,27977,17.40615725517273
0.32,0.48,0.22,0.19,0.57,0.94,0.05,0.16,0.12,28984,17.411323308944702
0.25,0.47,0.21,0.2,0.52,0.84,0.01,0.12,0.08,29943,17.414441347122192
0.15,0.35,0.24,0.14,0.49,0.72,0.0,0.13,0.08,31332,17.415481090545654
0.18,0.35,0.2,0.09,0.48,0.68,0.01,0.14,0.08,32691,17.41847538948059
0.19,0.37,0.22,0.06,0.45,0.67,0.0,0.12,0.08,35120,17.42347550392151
0.21,0.34,0.3,0.1,0.45,0.66,0.01,0.12,0.08,38507,17.426982402801514
0.25,0.38,0.28,0.13,0.39,0.64,0.0,0.09,0.08,42496,17.427975177764893
0.22,0.28,0.24,0.1,0.3,0.63,0.02,0.08,0.08,46703,17.4301335811615
0.3,0.3,0.22,0.14,0.35,0.67,0.04,0.09,0.09,50258,17.435546875
0.25,0.36,0.21,0.08,0.36,0.66,0.03,0.13,0.09,51503,17.43872332572937
0.24,0.35,0.21,0.07,0.36,0.66,0.03,0.16,0.09,51702,17.439717769622803
0.19,0.35,0.23,0.11,0.4,0.66,0.02,0.09,0.09,50855,17.443008184432983
0.2,0.33,0.23,0.11,0.41,0.68,0.02,0.15,0.09,50418,17.447146892547607
0.19,0.34,0.2,0.09,0.37,0.62,0.02,0.16,0.08,51293,17.451784133911133
0.17,0.28,0.19,0.06,0.35,0.62,0.01,0.18,0.09,51026,17.4527747631073
0.19,0.31,0.17,0.09,0.39,0.58,0.01,0.18,0.08,49301,17.455831050872803
0.18,0.31,0.19,0.1,0.49,0.62,0.01,0.21,0.06,47590,17.459824323654175
0.14,0.31,0.16,0.08,0.53,0.65,0.01,0.23,0.07,47401,17.463881969451904
0.15,0.29,0.15,0.1,0.45,0.56,0.01,0.2,0.09,48360,17.46755886077881
0.22,0.29,0.17,0.11,0.43,0.55,0.02,0.23,0.09,48347,17.46858549118042
0.14,0.33,0.19,0.08,0.54,0.6,0.01,0.23,0.08,46908,17.472191095352173
0.22,0.34,0.19,0.07,0.6,0.54,0.01,0.27,0.09,46589,17.476216554641724
0.16,0.31,0.2,0.07,0.64,0.48,0.02,0.31,0.09,47322,17.479419469833374
0.21,0.36,0.17,0.1,0.68,0.42,0.01,0.35,0.09,48223,17.480435848236084
0.21,0.35,0.23,0.09,0.68,0.44,0.03,0.35,0.11,47910,17.484126091003418
0.24,0.4,0.21,0.13,0.66,0.42,0.03,0.32,0.1,47653,17.48848271369934
0.27,0.38,0.21,0.12,0.67,0.38,0.04,0.34,0.12,48328,17.49149799346924
0.3,0.34,0.25,0.12,0.76,0.32,0.04,0.25,0.12,49287,17.492509603500366
0.31,0.4,0.29,0.13,0.8,0.32,0.04,0.37,0.12,50668,17.495502948760986
0.32,0.39,0.25,0.14,0.98,0.32,0.04,0.41,0.11,51835,17.500507354736328
0.22,0.43,0.24,0.09,1.2,0.36,0.04,0.51,0.15,52394,17.504505157470703
0.17,0.42,0.16,0.1,1.44,0.42,0.03,0.51,0.13,52985,17.50550866127014
0.25,0.42,0.17,0.1,1.83,0.41,0.04,0.53,0.14,53888,17.508507251739502
0.23,0.45,0.16,0.09,2.15,0.42,0.03,0.54,0.12,54065,17.512377977371216
0.17,0.47,0.15,0.1,2.49,0.41,0.03,0.54,0.12,53520,17.517188787460327
0.15,0.51,0.14,0.13,2.66,0.38,0.04,0.57,0.12,53197,17.517188787460327
0.13,0.61,0.13,0.1,2.75,0.4,0.05,0.64,0.13,53276,17.52126407623291
0.15,0.68,0.14,0.1,2.73,0.38,0.05,0.75,0.14,53749,17.525264024734497
0.16,0.83,0.12,0.09,2.55,0.41,0.05,0.9,0.13,54160,17.529560327529907
0.2,1.03,0.13,0.11,2.34,0.42,0.06,1.01,0.13,54715,17.529560327529907
0.17,1.17,0.12,0.1,2.11,0.45,0.08,1.17,0.15,55174,17.533571004867554
0.16,1.24,0.12,0.09,1.99,0.47,0.07,1.29,0.13,57475,17.53757119178772
0.18,1.19,0.19,0.11,1.91,0.51,0.08,1.44,0.15,60418,17.542542457580566
0.18,1.12,0.23,0.11,1.88,0.52,0.08,1.52,0.16,61649,17.545263528823853
0.16,1.12,0.25,0.13,1.85,0.58,0.09,1.57,0.18,62490,17.545263528823853
0.16,1.2,0.25,0.11,1.73,0.64,0.08,1.57,0.23,62953,17.549927473068237
0.19,1.23,0.23,0.11,1.62,0.76,0.1,1.69,0.34,62960,17.553865909576416
0.15,1.12,0.37,0.11,1.5,0.9,0.08,1.79,0.42,62567,17.557594060897827
0.18,1.16,0.37,0.14,1.44,1.0,0.13,1.76,0.51,61596,17.558351755142212
0.15,1.28,0.43,0.14,1.29,1.13,0.11,1.73,0.42,59567,17.562324285507202
0.23,1.22,0.43,0.2,1.31,1.3,0.14,1.55,0.46,58630,17.566680669784546
0.24,1.19,0.46,0.25,1.37,1.52,0.17,1.51,0.56,57505,17.569921493530273
0.25,1.09,0.55,0.33,1.37,1.49,0.2,1.41,0.79,55332,17.570956707000732
0.28,1.02,0.64,0.4,1.33,1.57,0.22,1.34,0.83,52285,17.573956966400146
0.37,0.95,0.64,0.45,1.31,1.79,0.27,1.27,0.85,49154,17.57895565032959
0.32,0.89,0.7,0.48,1.31,1.9,0.26,1.24,0.9,48217,17.5809543132782
0.4,0.87,0.73,0.45,1.25,1.95,0.24,1.2,1.0,47792,17.582464456558228
0.32,0.87,0.83,0.4,1.22,1.98,0.22,1.11,1.16,48023,17.58616542816162
0.26,0.78,0.86,0.39,1.14,1.94,0.2,1.05,1.29,48620,17.589800596237183
0.24,0.61,0.91,0.3,1.05,1.8,0.19,0.99,1.51,49729,17.594963788986206
0.24,0.68,1.03,0.33,1.01,1.61,0.15,0.91,1.66,51442,17.59600853919983
0.21,0.7,1.14,0.36,0.99,1.48,0.14,0.85,1.69,53665,17.59901189804077
0.3,0.78,1.27,0.38,0.84,1.41,0.19,0.84,1.67,56104,17.603047847747803
0.21,0.7,1.27,0.29,0.91,1.43,0.11,0.75,1.7,57995,17.60676884651184
0.22,0.68,1.14,0.29,0.9,1.45,0.15,0.82,1.78,59482,17.610273122787476
0.31,0.7,1.23,0.32,0.84,1.39,0.13,0.76,1.69,59593,17.611326217651367
0.32,0.74,1.31,0.46,0.83,1.33,0.21,0.8,1.67,59490,17.61532425880432
0.36,0.62,1.31,0.54,0.82,1.35,0.3,0.82,1.62,59843,17.61933183670044
0.48,0.56,1.18,0.68,0.82,1.42,0.36,0.8,1.64,60930,17.622974634170532
0.6,0.58,1.23,0.82,0.87,1.39,0.41,0.76,1.56,61203,17.622974634170532
0.55,0.52,1.3,0.96,0.79,1.41,0.43,0.8,1.37,60282,17.627660989761353
0.59,0.54,1.27,0.97,0.74,1.52,0.57,0.78,1.14,59129,17.631660223007202
0.73,0.52,1.16,1.09,0.8,1.61,0.67,0.81,1.1,58274,17.635668754577637
0.79,0.53,0.96,1.12,0.83,1.62,0.77,0.74,1.13,57175,17.635668754577637
0.86,0.51,0.89,1.15,0.83,1.64,0.85,0.82,1.12,54346,17.639790773391724
0.89,0.57,0.75,1.17,0.85,1.64,0.94,0.79,1.14,51557,17.643794059753418
0.94,0.55,0.77,1.18,0.85,1.66,0.98,0.78,1.04,50040,17.647794246673584
0.99,0.56,0.65,1.17,0.87,1.66,1.04,0.81,0.96,49155,17.64879059791565
1.02,0.56,0.63,1.18,0.88,1.63,0.98,0.76,0.94,48782,17.65223789215088
1.04,0.57,0.59,1.29,0.92,1.6,1.13,0.81,0.9,48405,17.65636920928955
1.06,0.61,0.54,1.34,0.92,1.56,1.19,0.78,0.82,48184,17.660397052764893
1.16,0.6,0.53,1.46,0.93,1.58,1.26,0.81,0.74,48495,17.660397052764893
1.28,0.58,0.57,1.48,0.9,1.53,1.34,0.82,0.7,48802,17.664955854415894
1.3,0.59,0.48,1.48,0.99,1.52,1.42,0.82,0.68,49951,17.668861389160156
1.31,0.56,0.49,1.51,1.01,1.46,1.48,0.84,0.65,51002,17.67254400253296
1.33,0.61,0.43,1.56,1.02,1.43,1.5,0.85,0.66,51751,17.67387342453003
1.3,0.62,0.4,1.59,1.16,1.34,1.52,0.77,0.68,53036,17.676175117492676
1.27,0.6,0.39,1.66,1.27,1.33,1.5,0.83,0.68,54813,17.681341886520386
1.29,0.57,0.41,1.7,1.4,1.26,1.45,0.81,0.63,56198,17.68520998954773
1.29,0.63,0.39,1.7,1.5,1.24,1.42,0.79,0.61,56815,17.688210010528564
1.29,0.71,0.32,1.68,1.67,1.19,1.45,0.85,0.61,57294,17.689199686050415
1.32,0.64,0.32,1.67,1.75,1.12,1.45,0.88,0.56,57963,17.69318962097168
1.32,0.73,0.34,1.61,1.82,1.1,1.45,0.94,0.5,58244,17.69692063331604
1.34,0.83,0.29,1.63,1.74,1.11,1.46,1.06,0.45,58319,17.700504064559937
1.3,0.94,0.25,1.54,1.74,1.1,1.48,1.11,0.38,58792,17.701568841934204
1.3,1.04,0.29,1.47,1.71,1.1,1.45,1.21,0.4,59115,17.705809831619263
1.3,1.12,0.29,1.46,1.61,1.06,1.43,1.29,0.49,59668,17.70982050895691
1.2,1.12,0.34,1.45,1.65,1.08,1.35,1.37,0.53,60041,17.713332176208496
1.13,1.08,0.4,1.32,1.61,1.11,1.36,1.47,0.52,59968,17.713332176208496
1.12,1.16,0.42,1.22,1.55,1.13,1.28,1.47,0.64,59211,17.71849274635315
0.92,1.15,0.45,1.18,1.52,1.12,1.15,1.47,0.72,58448,17.722696781158447
0.88,1.13,0.5,1.13,1.54,1.18,1.23,1.53,0.77,58447,17.725247859954834
0.87,1.03,0.52,1.08,1.41,1.22,1.14,1.68,0.81,58154,17.725247859954834
0.83,1.06,0.55,1.01,1.33,1.22,1.08,1.6,0.86,56557,17.729680061340332
0.81,1.18,0.58,1.02,1.3,1.28,1.0,1.46,0.86,55078,17.73368000984192
0.8,1.08,0.61,1.05,1.2,1.34,1.0,1.39,0.84,54549,17.738051176071167
0.8,0.97,0.64,1.01,1.25,1.46,0.97,1.38,0.88,53960,17.738889455795288
0.75,0.88,0.64,0.98,1.21,1.51,0.92,1.29,0.95,52949,17.741889238357544
0.75,0.88,0.69,0.92,1.2,1.52,0.9,1.2,0.99,51912,17.746887922286987
0.69,0.78,0.72,0.94,1.18,1.56,0.87,1.21,1.03,50989,17.75041699409485
0.69,0.74,0.75,0.85,1.15,1.66,0.85,1.17,1.03,50258,17.75411319732666
0.78,0.73,0.74,0.73,1.08,1.73,0.79,1.17,1.05,50609,17.75411319732666
0.72,0.74,0.79,0.64,1.03,1.78,0.65,1.04,1.14,51592,17.758888721466064
0.7,0.71,0.82,0.53,0.98,1.77,0.6,1.0,1.25,52361,17.76301407814026
0.64,0.73,0.82,0.47,0.95,1.68,0.5,0.9,1.36,53462,17.766368865966797
0.58,0.65,0.87,0.48,0.92,1.58,0.51,0.92,1.57,54635,17.76709508895874
0.47,0.7,1.02,0.42,0.88,1.53,0.51,0.8,1.5,55994,17.771148204803467
0.66,0.68,1.12,0.48,0.83,1.53,0.51,0.78,1.41,56999,17.775647401809692
0.63,0.61,1.16,0.5,0.78,1.53,0.45,0.73,1.4,58528,17.7788507938385
0.61,0.62,1.0,0.6,0.77,1.64,0.5,0.79,1.44,59471,17.7788507938385
0.69,0.61,1.0,0.62,0.74,1.61,0.59,0.75,1.43,59686,17.783121585845947
0.66,0.67,1.08,0.7,0.7,1.6,0.69,0.79,1.37,59541,17.787193059921265
0.66,0.64,1.13,0.73,0.71,1.56,0.77,0.82,1.42,58784,17.7912654876709
0.69,0.56,0.93,0.86,0.75,1.62,0.84,0.68,1.42,58585,17.792321920394897
0.65,0.56,0.91,0.94,0.68,1.71,0.91,0.74,1.25,58370,17.795105695724487
0.65,0.62,1.01,0.96,0.71,1.6,0.87,0.77,1.09,57053,17.79997944831848
0.66,0.52,1.03,0.89,0.74,1.63,0.65,0.74,1.1,55080,17.803438663482666
0.7,0.52,0.93,0.95,0.75,1.67,0.79,0.71,1.13,53203,17.804603338241577
0.8,0.53,0.75,1.0,0.82,1.68,0.84,0.68,1.16,48880,17.807830095291138
0.82,0.53,0.72,1.07,0.83,1.65,0.94,0.73,1.09,44121,17.8114492893219
0.88,0.55,0.69,1.05,0.82,1.63,0.98,0.67,1.05,43180,17.816657066345215
0.95,0.52,0.62,1.12,0.86,1.62,1.0,0.75,0.96,42789,17.8198823928833
0.95,0.51,0.63,1.16,0.83,1.62,1.05,0.7,0.93,41480,17.820656776428223
1.03,0.59,0.57,1.17,0.84,1.59,1.02,0.79,0.88,40963,17.824211597442627
1.07,0.56,0.5,1.22,0.8,1.63,1.08,0.77,0.82,41128,17.828238487243652
1.1,0.54,0.52,1.33,0.88,1.56,1.17,0.76,0.79,41411,17.832343101501465
1.18,0.57,0.5,1.42,0.96,1.51,1.25,0.74,0.76,41788,17.832343101501465
1.18,0.53,0.48,1.43,0.95,1.47,1.33,0.78,0.71,42185,17.8366596698761
1.21,0.6,0.47,1.46,1.0,1.43,1.46,0.82,0.66,42762,17.841538429260254
1.24,0.63,0.45,1.52,1.07,1.41,1.46,0.81,0.65,44029,17.8442063331604
1.25,0.62,0.39,1.54,1.09,1.36,1.49,0.76,0.65,44966,17.84525179862976
1.22,0.63,0.37,1.64,1.22,1.35,1.48,0.72,0.57,45963,17.849478721618652
1.21,0.51,0.35,1.66,1.29,1.29,1.47,0.83,0.56,46918,17.85348606109619
1.24,0.61,0.39,1.68,1.44,1.24,1.43,0.82,0.53,47849,17.856805086135864
1.25,0.58,0.35,1.66,1.58,1.2,1.4,0.78,0.49,48294,17.857486486434937
1.28,0.62,0.31,1.64,1.73,1.16,1.46,0.81,0.49,49077,17.860851764678955
1.29,0.58,0.31,1.62,1.85,1.15,1.43,0.87,0.46,49338,17.86489701271057
1.27,0.64,0.29,1.6,1.78,1.15,1.44,0.95,0.39,49487,17.868804931640625
1.23,0.8,0.25,1.56,1.78,1.15,1.45,1.09,0.39,49994,17.868804931640625
1.26,0.91,0.25,1.47,1.73,1.1,1.46,1.19,0.37,50329,17.872833728790283
1.24,0.95,0.3,1.41,1.69,1.1,1.45,1.25,0.36,50450,17.877835750579834
1.22,0.98,0.27,1.43,1.67,1.09,1.3,1.31,0.41,50873,17.880834817886353
1.04,0.95,0.3,1.46,1.69,1.08,1.26,1.46,0.55,51146,17.88183617591858
1.07,1.0,0.37,1.3,1.65,1.13,1.25,1.5,0.6,50351,17.885074615478516
0.94,1.05,0.46,1.18,1.62,1.12,1.2,1.44,0.64,49708,17.889560222625732
0.87,1.04,0.51,1.11,1.55,1.15,1.24,1.44,0.71,49877,17.893637895584106
0.8,0.9,0.5,1.07,1.47,1.22,1.17,1.57,0.75,49504,17.897637844085693
0.75,0.98,0.54,0.99,1.41,1.22,1.09,1.56,0.76,47875,17.897637844085693
0.7,1.13,0.61,0.99,1.3,1.26,1.04,1.43,0.78,46548,17.901617288589478
0.68,0.98,0.57,1.0,1.3,1.31,1.01,1.49,0.79,46071,17.906638383865356
0.68,0.91,0.59,0.97,1.26,1.41,1.05,1.35,0.83,46266,17.909934282302856
0.65,0.86,0.59,0.93,1.26,1.48,0.97,1.25,0.87,45691,17.910638332366943
0.65,0.88,0.64,0.91,1.2,1.51,0.94,1.1,0.92,44338,17.91463851928711
0.63,0.83,0.71,0.84,1.2,1.51,0.92,1.16,0.94,43495,17.918638229370117
0.63,0.78,0.73,0.86,1.14,1.6,0.83,1.16,0.99,43386,17.922311782836914
0.68,0.8,0.72,0.8,1.1,1.68,0.8,1.09,1.02,43317,17.923367738723755
0.7,0.81,0.71,0.75,1.09,1.72,0.75,1.0,1.08,43666,17.92636251449585
0.66,0.74,0.74,0.65,1.0,1.84,0.61,0.94,1.11,44233,17.931117057800293
0.6,0.74,0.72,0.48,1.01,1.76,0.49,0.88,1.31,45176,17.93453335762024
0.55,0.74,0.75,0.45,0.95,1.62,0.51,0.8,1.46,46363,17.93531346321106
0.5,0.73,0.87,0.43,0.89,1.61,0.42,0.8,1.44,47216,17.939313888549805
0.48,0.7,0.97,0.42,0.84,1.64,0.41,0.73,1.35,48927,17.94329309463501
0.43,0.71,1.05,0.45,0.78,1.64,0.41,0.71,1.34,49538,17.94684672355652
0.56,0.61,0.93,0.52,0.81,1.69,0.4,0.71,1.35,50181,17.947913885116577
0.51,0.65,0.95,0.54,0.74,1.72,0.48,0.68,1.34,50762,17.951440572738647
0.61,0.65,1.05,0.58,0.73,1.65,0.53,0.71,1.32,51041,17.955759048461914
0.68,0.65,1.07,0.63,0.71,1.63,0.58,0.69,1.3,50702,17.959715604782104
0.64,0.62,0.9,0.8,0.71,1.7,0.71,0.65,1.37,50237,17.96320390701294
0.62,0.56,0.8,0.89,0.68,1.72,0.81,0.6,1.32,50006,17.96320390701294
0.67,0.58,0.96,0.93,0.66,1.62,0.86,0.58,1.16,48829,17.968599557876587
0.59,0.59,0.98,0.91,0.6,1.69,0.78,0.61,0.94,47876,17.972644329071045
0.63,0.57,0.89,0.97,0.56,1.69,0.78,0.59,1.06,46505,17.97564387321472
0.69,0.57,0.79,1.0,0.6,1.73,0.83,0.56,1.1,43114,17.97662329673767
0.83,0.54,0.74,1.07,0.7,1.69,0.85,0.54,1.11,37953,17.98064422607422
0.85,0.5,0.7,1.08,0.71,1.66,0.91,0.57,1.05,36152,17.983810424804688
0.94,0.59,0.61,1.11,0.7,1.67,1.0,0.63,1.0,36149,17.987889051437378
0.95,0.54,0.61,1.1,0.78,1.7,1.02,0.63,0.94,35400,17.988850831985474
0.98,0.55,0.57,1.2,0.8,1.72,1.08,0.58,0.85,34523,17.992539882659912
0.97,0.58,0.53,1.31,0.83,1.7,1.1,0.62,0.79,34202,17.99649429321289
1.03,0.58,0.5,1.44,0.83,1.67,1.2,0.61,0.75,34217,18.00016188621521
0.99,0.61,0.45,1.54,0.8,1.67,1.34,0.61,0.74,34424,18.001121044158936
1.06,0.6,0.47,1.59,0.76,1.58,1.4,0.58,0.71,34591,18.004141330718994
1.1,0.51,0.45,1.63,0.73,1.54,1.49,0.55,0.66,34864,18.009140968322754
1.07,0.53,0.48,1.64,0.7,1.46,1.55,0.54,0.64,35113,18.012430667877197
1.12,0.49,0.43,1.67,0.7,1.39,1.53,0.54,0.59,36584,18.013435125350952
1.08,0.57,0.4,1.74,0.71,1.41,1.53,0.55,0.6,37851,18.01710081100464
1.1,0.56,0.39,1.77,0.69,1.38,1.48,0.54,0.51,38334,18.02121663093567
1.14,0.56,0.33,1.81,0.67,1.28,1.45,0.53,0.5,38847,18.02530074119568
1.13,0.48,0.35,1.82,0.68,1.27,1.43,0.58,0.46,39736,18.02530074119568
1.17,0.5,0.37,1.77,0.68,1.26,1.46,0.54,0.39,39913,18.028300523757935
1.2,0.49,0.4,1.78,0.69,1.23,1.42,0.55,0.42,40324,18.03291964530945
1.18,0.5,0.35,1.8,0.67,1.2,1.45,0.6,0.44,40619,18.03696036338806
1.11,0.53,0.33,1.78,0.66,1.19,1.5,0.52,0.44,40548,18.04121446609497
1.16,0.5,0.29,1.7,0.67,1.12,1.47,0.59,0.44,40845,18.04121446609497
1.25,0.51,0.29,1.6,0.68,1.08,1.46,0.57,0.39,40342,18.045193195343018
1.11,0.57,0.3,1.64,0.7,1.07,1.39,0.57,0.4,40019,18.050030946731567
1.08,0.58,0.35,1.67,0.65,1.05,1.36,0.51,0.35,39640,18.053494215011597
1.07,0.6,0.31,1.59,0.65,1.01,1.33,0.52,0.27,38495,18.053494215011597
0.95,0.59,0.33,1.42,0.67,1.02,1.37,0.53,0.37,36990,18.057523012161255
0.89,0.58,0.36,1.33,0.68,1.01,1.33,0.54,0.27,35521,18.061501264572144
0.83,0.57,0.33,1.26,0.7,1.03,1.29,0.46,0.28,34682,18.06568145751953
0.79,0.58,0.34,1.24,0.67,1.02,1.19,0.5,0.29,33585,18.066505432128906
0.77,0.6,0.33,1.16,0.65,1.04,1.18,0.51,0.29,33328,18.069515228271484
0.81,0.59,0.33,1.05,0.64,1.01,1.11,0.46,0.32,33509,18.073633670806885
0.78,0.59,0.35,0.98,0.71,1.0,1.01,0.46,0.33,33446,18.0777370929718
0.71,0.62,0.36,0.99,0.71,1.03,0.98,0.46,0.31,33509,18.0777370929718
0.75,0.58,0.31,0.9,0.72,1.03,0.87,0.45,0.26,33592,18.08173680305481
0.71,0.62,0.31,0.85,0.69,1.01,0.9,0.42,0.25,33787,18.086133241653442
0.73,0.64,0.3,0.7,0.65,1.01,0.77,0.42,0.24,33850,18.09013342857361
0.69,0.65,0.27,0.64,0.67,1.02,0.73,0.45,0.21,34483,18.09013342857361
0.68,0.64,0.27,0.61,0.69,1.02,0.68,0.43,0.23,34566,18.09511399269104
0.65,0.59,0.27,0.54,0.69,1.01,0.63,0.44,0.23,35005,18.098681211471558
0.62,0.54,0.25,0.49,0.7,1.03,0.52,0.43,0.2,35400,18.102972269058228
0.56,0.53,0.25,0.43,0.7,1.02,0.46,0.42,0.23,35755,18.106037139892578
0.52,0.55,0.24,0.44,0.73,1.03,0.45,0.42,0.22,36352,18.107089281082153
0.55,0.54,0.27,0.44,0.75,1.0,0.42,0.43,0.22,37505,18.111656188964844
0.52,0.52,0.23,0.4,0.74,1.03,0.4,0.43,0.21,37920,18.115073442459106
0.53,0.55,0.2,0.37,0.72,0.98,0.37,0.42,0.21,37965,18.118360996246338
0.46,0.6,0.24,0.36,0.75,1.0,0.42,0.42,0.21,38466,18.11910080909729
0.45,0.57,0.22,0.36,0.74,1.01,0.42,0.4,0.21,38023,18.123088598251343
0.45,0.59,0.21,0.4,0.74,1.0,0.45,0.42,0.21,37696,18.12708878517151
0.41,0.58,0.21,0.42,0.72,0.99,0.41,0.38,0.19,37517,18.131088495254517
0.42,0.53,0.22,0.39,0.69,0.97,0.4,0.38,0.2,37016,18.131088495254517
0.42,0.58,0.2,0.44,0.7,0.95,0.33,0.38,0.18,36445,18.13524317741394
0.27,0.59,0.17,0.36,0.62,0.88,0.23,0.31,0.18,35824,18.13944172859192
0.26,0.53,0.29,0.24,0.58,0.7,0.07,0.16,0.13,35047,18.143310546875
0.32,0.55,0.25,0.3,0.57,0.73,0.18,0.27,0.19,33438,18.14435386657715
0.35,0.55,0.25,0.29,0.64,0.74,0.14,0.28,0.17,28225,18.148648500442505
0.34,0.57,0.25,0.27,0.61,0.74,0.12,0.29,0.16,24116,18.15264654159546
0.35,0.59,0.26,0.26,0.63,0.71,0.1,0.32,0.16,23101,18.15603232383728
0.33,0.58,0.31,0.23,0.59,0.7,0.08,0.3,0.15,22160,18.157026529312134
0.33,0.56,0.31,0.22,0.62,0.7,0.07,0.26,0.16,21745,18.160035610198975
0.31,0.56,0.31,0.24,0.63,0.66,0.07,0.25,0.14,21300,18.164084434509277
0.33,0.53,0.3,0.22,0.61,0.69,0.07,0.27,0.15,20577,18.168689966201782
0.3,0.51,0.3,0.19,0.6,0.65,0.05,0.26,0.14,19932,18.17210030555725
0.32,0.53,0.32,0.19,0.62,0.66,0.04,0.24,0.13,19367,18.17210030555725
0.32,0.52,0.34,0.21,0.62,0.67,0.05,0.25,0.14,18652,18.17670226097107
0.33,0.57,0.32,0.22,0.62,0.67,0.05,0.27,0.14,18837,18.180907726287842
0.33,0.54,0.32,0.18,0.63,0.68,0.04,0.27,0.15,19192,18.184217929840088
0.33,0.59,0.3,0.16,0.63,0.68,0.03,0.29,0.14,19195,18.185245752334595
0.29,0.54,0.33,0.16,0.64,0.67,0.03,0.28,0.13,18528,18.18924593925476
0.31,0.56,0.31,0.17,0.64,0.69,0.05,0.28,0.13,18737,18.19326686859131
0.34,0.58,0.32,0.15,0.64,0.69,0.02,0.29,0.12,18950,18.196687698364258
0.35,0.56,0.3,0.12,0.62,0.63,0.02,0.27,0.11,18315,18.19773530960083
0.38,0.56,0.34,0.14,0.62,0.65,0.03,0.3,0.12,18326,18.200817823410034
0.37,0.57,0.34,0.13,0.64,0.67,0.03,0.31,0.13,18559,18.205018997192383
0.37,0.58,0.32,0.16,0.65,0.65,0.03,0.35,0.12,18004,18.20950675010681
0.39,0.58,0.3,0.14,0.64,0.66,0.04,0.34,0.12,17287,18.20950675010681
0.37,0.61,0.31,0.13,0.66,0.69,0.03,0.34,0.12,17414,18.213160753250122
0.38,0.6,0.31,0.15,0.66,0.7,0.03,0.34,0.12,17697,18.21816372871399
0.37,0.61,0.31,0.13,0.67,0.69,0.03,0.36,0.11,17544,18.221375465393066
0.36,0.62,0.31,0.16,0.67,0.7,0.03,0.36,0.12,17071,18.22216486930847
0.35,0.62,0.32,0.17,0.65,0.71,0.03,0.35,0.12,17724,18.225443124771118
0.37,0.61,0.31,0.17,0.67,0.71,0.03,0.36,0.12,17441,18.22974133491516
0.4,0.61,0.31,0.18,0.67,0.71,0.03,0.37,0.12,17118,18.23385739326477
0.37,0.62,0.31,0.18,0.66,0.71,0.03,0.36,0.12,17225,18.234863758087158
0.38,0.61,0.31,0.18,0.69,0.71,0.02,0.38,0.11,17512,18.23788022994995
0.38,0.64,0.29,0.19,0.7,0.72,0.02,0.39,0.11,17753,18.242377996444702
0.38,0.64,0.29,0.17,0.71,0.72,0.03,0.39,0.11,17612,18.245378017425537
0.37,0.63,0.31,0.18,0.7,0.71,0.04,0.38,0.12,17705,18.246357202529907
0.41,0.63,0.3,0.18,0.71,0.71,0.04,0.38,0.12,17488,18.2504301071167
0.42,0.63,0.32,0.19,0.7,0.73,0.03,0.39,0.12,16891,18.253916263580322
0.42,0.64,0.32,0.18,0.69,0.73,0.03,0.39,0.13,17444,18.258268356323242
0.44,0.63,0.32,0.2,0.68,0.74,0.03,0.38,0.13,17531,18.261770248413086
0.43,0.64,0.32,0.21,0.71,0.74,0.03,0.39,0.13,17938,18.261770248413086
0.44,0.64,0.31,0.2,0.71,0.75,0.03,0.4,0.12,17929,18.26690649986267
0.46,0.61,0.32,0.2,0.74,0.74,0.04,0.41,0.12,17396,18.270454168319702
0.42,0.62,0.33,0.2,0.73,0.75,0.03,0.41,0.13,17609,18.274749517440796
0.43,0.62,0.32,0.19,0.74,0.75,0.03,0.39,0.13,17888,18.27576208114624
0.42,0.61,0.33,0.18,0.75,0.74,0.04,0.4,0.13,17403,18.278966665267944
0.4,0.61,0.33,0.2,0.75,0.75,0.03,0.4,0.13,17430,18.2833411693573
0.41,0.62,0.32,0.19,0.75,0.76,0.03,0.42,0.13,17663,18.28637933731079
0.41,0.61,0.33,0.19,0.76,0.76,0.03,0.42,0.13,17884,18.287395238876343
0.39,0.62,0.32,0.2,0.74,0.75,0.03,0.41,0.12,17819,18.291404724121094
0.4,0.63,0.33,0.21,0.74,0.76,0.03,0.41,0.13,18124,18.2953839302063
0.4,0.62,0.32,0.21,0.73,0.76,0.03,0.4,0.12,17913,18.299437522888184
0.41,0.62,0.33,0.22,0.76,0.76,0.02,0.4,0.13,18030,18.299437522888184
0.41,0.62,0.34,0.22,0.74,0.77,0.03,0.41,0.13,18261,18.303176879882812
0.4,0.63,0.34,0.22,0.75,0.78,0.03,0.41,0.13,18122,18.307058811187744
0.4,0.62,0.33,0.21,0.78,0.79,0.03,0.43,0.13,17923,18.311572313308716
0.42,0.61,0.34,0.21,0.77,0.79,0.03,0.42,0.13,18144,18.311572313308716
0.44,0.62,0.34,0.21,0.76,0.78,0.03,0.42,0.13,17775,18.315892696380615
0.42,0.62,0.34,0.23,0.77,0.79,0.03,0.42,0.13,17330,18.320173025131226
0.42,0.62,0.33,0.23,0.77,0.8,0.02,0.42,0.13,17457,18.32416820526123
0.42,0.63,0.34,0.22,0.77,0.79,0.03,0.42,0.13,17400,18.32416820526123
0.42,0.62,0.32,0.21,0.77,0.79,0.03,0.42,0.13,17739,18.32817316055298
0.43,0.64,0.33,0.24,0.77,0.8,0.03,0.42,0.13,17786,18.332172870635986
0.45,0.63,0.33,0.23,0.77,0.79,0.03,0.43,0.13,17523,18.335839986801147
0.45,0.63,0.32,0.21,0.79,0.79,0.04,0.44,0.13,17376,18.34009623527527
0.42,0.63,0.34,0.21,0.77,0.79,0.03,0.45,0.13,17203,18.34009623527527
0.35,0.62,0.32,0.22,0.77,0.79,0.03,0.43,0.13,17108,18.344404220581055
0.37,0.65,0.31,0.22,0.76,0.8,0.03,0.43,0.13,17341,18.34945249557495
0.39,0.64,0.31,0.24,0.76,0.8,0.03,0.44,0.13,17592,18.352080821990967
0.41,0.63,0.33,0.23,0.77,0.8,0.02,0.43,0.13,17699,18.353142738342285
0.37,0.63,0.33,0.22,0.77,0.81,0.02,0.42,0.13,17188,18.35747718811035
0.38,0.64,0.33,0.24,0.77,0.8,0.02,0.42,0.13,16913,18.360419750213623
0.39,0.64,0.32,0.24,0.77,0.81,0.04,0.43,0.14,17320,18.364681005477905
0.4,0.62,0.33,0.22,0.77,0.81,0.03,0.42,0.14,17423,18.365453243255615
0.4,0.63,0.33,0.23,0.78,0.83,0.03,0.42,0.13,17342,18.36943221092224
0.41,0.64,0.32,0.24,0.77,0.82,0.03,0.43,0.13,17387,18.373474836349487
0.42,0.63,0.34,0.25,0.77,0.82,0.03,0.43,0.14,17470,18.37703037261963
0.42,0.62,0.33,0.24,0.77,0.82,0.03,0.43,0.14,17871,18.37792468070984
0.42,0.63,0.33,0.25,0.77,0.81,0.03,0.42,0.14,17522,18.381338119506836
0.42,0.62,0.32,0.25,0.78,0.82,0.03,0.42,0.13,17227,18.385132789611816
0.43,0.63,0.3,0.26,0.78,0.81,0.04,0.43,0.12,17598,18.39038372039795
0.42,0.64,0.31,0.26,0.78,0.82,0.04,0.43,0.13,17547,18.39038372039795
0.42,0.63,0.3,0.26,0.78,0.81,0.04,0.43,0.13,17390,18.393627882003784
0.41,0.63,0.31,0.27,0.78,0.81,0.03,0.43,0.13,17191,18.397629022598267
0.42,0.64,0.32,0.25,0.77,0.82,0.04,0.42,0.13,17170,18.402009963989258
0.42,0.65,0.31,0.27,0.79,0.82,0.04,0.43,0.13,17081,18.403026580810547
0.44,0.65,0.31,0.27,0.78,0.82,0.05,0.43,0.13,17264,18.405229568481445
0.44,0.66,0.31,0.27,0.78,0.82,0.03,0.43,0.13,17181,18.40943741798401
0.42,0.65,0.31,0.27,0.78,0.83,0.04,0.42,0.13,17400,18.414316177368164
0.42,0.66,0.31,0.28,0.78,0.82,0.03,0.43,0.13,17347,18.414316177368164
0.42,0.65,0.31,0.28,0.79,0.81,0.04,0.43,0.13,17058,18.41832447052002
0.42,0.66,0.3,0.27,0.78,0.82,0.03,0.43,0.13,16885,18.422324180603027
0.42,0.66,0.3,0.26,0.79,0.84,0.04,0.44,0.13,17434,18.426323890686035
0.42,0.65,0.3,0.27,0.79,0.83,0.04,0.44,0.13,18043,18.430386304855347
0.39,0.65,0.3,0.29,0.79,0.83,0.04,0.43,0.13,17606,18.430386304855347
0.41,0.67,0.31,0.29,0.79,0.83,0.03,0.44,0.13,16903,18.434624910354614
0.43,0.68,0.31,0.29,0.8,0.83,0.03,0.45,0.12,17638,18.438624620437622
0.41,0.68,0.3,0.29,0.79,0.83,0.03,0.46,0.13,18015,18.44312357902527
0.42,0.67,0.3,0.28,0.79,0.83,0.03,0.45,0.13,17436,18.44312357902527
0.39,0.68,0.29,0.3,0.79,0.83,0.02,0.45,0.12,17227,18.44710350036621
0.39,0.69,0.3,0.29,0.79,0.83,0.03,0.45,0.12,17320,18.451736211776733
0.4,0.68,0.3,0.29,0.8,0.83,0.03,0.45,0.12,17067,18.454922437667847
0.4,0.68,0.3,0.28,0.8,0.83,0.03,0.46,0.12,17378,18.45593810081482
0.4,0.68,0.31,0.28,0.8,0.81,0.03,0.45,0.13,17431,18.459274768829346
0.41,0.68,0.3,0.27,0.79,0.83,0.03,0.46,0.13,17276,18.462971210479736
0.4,0.67,0.3,0.28,0.78,0.83,0.03,0.46,0.13,17259,18.467788457870483
0.41,0.68,0.29,0.29,0.79,0.83,0.03,0.45,0.13,17406,18.467788457870483
0.43,0.67,0.3,0.31,0.8,0.83,0.03,0.45,0.13,17047,18.47109293937683
0.43,0.68,0.3,0.31,0.81,0.83,0.02,0.45,0.13,17170,18.47567582130432
0.43,0.66,0.31,0.29,0.8,0.83,0.03,0.45,0.13,17653,18.480436325073242
0.43,0.66,0.32,0.29,0.8,0.83,0.03,0.45,0.13,17536,18.480436325073242
0.43,0.67,0.32,0.31,0.79,0.83,0.03,0.46,0.13,17321,18.48359489440918
0.43,0.68,0.31,0.31,0.8,0.83,0.03,0.46,0.13,17700,18.487966775894165
0.43,0.67,0.31,0.3,0.79,0.84,0.02,0.46,0.13,17835,18.492515563964844
0.42,0.66,0.32,0.31,0.81,0.84,0.03,0.45,0.13,18072,18.495524406433105
0.43,0.68,0.32,0.3,0.82,0.83,0.03,0.46,0.13,17291,18.495524406433105
0.42,0.68,0.33,0.29,0.82,0.84,0.02,0.46,0.13,17352,18.500486850738525
0.4,0.68,0.31,0.3,0.83,0.85,0.02,0.46,0.13,17441,18.503522396087646
0.4,0.69,0.31,0.3,0.81,0.85,0.02,0.46,0.13,17222,18.508413076400757
0.43,0.69,0.31,0.3,0.83,0.84,0.03,0.45,0.13,17351,18.508413076400757
0.42,0.69,0.31,0.32,0.83,0.85,0.03,0.45,0.14,17532,18.512046337127686
0.42,0.7,0.31,0.31,0.82,0.85,0.02,0.46,0.13,17091,18.516254901885986
0.42,0.7,0.32,0.3,0.82,0.84,0.03,0.46,0.13,17426,18.520380973815918
0.38,0.69,0.31,0.31,0.81,0.85,0.03,0.47,0.13,17399,18.52131962776184
0.4,0.7,0.31,0.31,0.8,0.84,0.03,0.47,0.13,17412,18.52440333366394
0.41,0.7,0.31,0.32,0.8,0.85,0.03,0.47,0.13,17291,18.528382778167725
0.4,0.7,0.3,0.31,0.8,0.85,0.02,0.46,0.13,17464,18.533459901809692
0.41,0.69,0.31,0.31,0.8,0.85,0.03,0.46,0.14,17603,18.533459901809692
0.42,0.69,0.31,0.31,0.81,0.85,0.02,0.46,0.14,17780,18.537583589553833
0.43,0.69,0.31,0.31,0.81,0.85,0.02,0.46,0.14,17469,18.541666269302368
0.43,0.7,0.32,0.3,0.82,0.84,0.02,0.45,0.14,17506,18.544787406921387
0.43,0.69,0.32,0.31,0.82,0.85,0.02,0.47,0.14,17605,18.544787406921387
0.43,0.69,0.31,0.32,0.81,0.85,0.02,0.46,0.14,17540,18.549163103103638
0.42,0.68,0.31,0.32,0.82,0.85,0.03,0.46,0.13,17493,18.553348779678345
0.43,0.69,0.32,0.31,0.83,0.84,0.03,0.46,0.14,17584,18.55836820602417
0.41,0.69,0.32,0.31,0.83,0.84,0.03,0.46,0.14,17709,18.560787677764893
0.4,0.69,0.32,0.31,0.83,0.85,0.03,0.46,0.13,17484,18.561827182769775
0.41,0.69,0.32,0.31,0.84,0.85,0.03,0.46,0.14,17365,18.56598472595215
0.42,0.69,0.32,0.32,0.84,0.84,0.03,0.46,0.13,17572,18.56956958770752
0.43,0.7,0.33,0.32,0.85,0.84,0.02,0.46,0.14,17309,18.573532581329346
0.42,0.7,0.32,0.32,0.85,0.84,0.03,0.45,0.14,17356,18.574620485305786
0.42,0.71,0.32,0.32,0.85,0.84,0.03,0.46,0.14,17499,18.57820439338684
0.43,0.7,0.32,0.32,0.85,0.84,0.03,0.46,0.14,17006,18.582194089889526
0.41,0.7,0.32,0.31,0.85,0.85,0.03,0.47,0.14,17489,18.58571434020996
0.4,0.69,0.32,0.31,0.85,0.84,0.03,0.47,0.14,17500,18.58571434020996
0.41,0.7,0.33,0.31,0.86,0.84,0.02,0.47,0.14,17289,18.589718103408813
0.39,0.7,0.33,0.3,0.86,0.84,0.02,0.46,0.14,17470,18.594775438308716
0.4,0.7,0.32,0.31,0.85,0.85,0.02,0.47,0.14,17321,18.597813367843628
0.4,0.7,0.32,0.32,0.86,0.85,0.03,0.47,0.14,17352,18.597813367843628
0.41,0.71,0.32,0.3,0.85,0.84,0.03,0.46,0.14,17313,18.601873874664307
0.43,0.7,0.32,0.3,0.85,0.85,0.03,0.47,0.14,17632,18.606064319610596
0.42,0.72,0.33,0.3,0.85,0.85,0.02,0.45,0.14,18063,18.61106848716736
0.41,0.71,0.32,0.3,0.86,0.84,0.03,0.46,0.14,17590,18.61106848716736
0.41,0.7,0.32,0.29,0.85,0.85,0.03,0.46,0.14,17555,18.614438772201538
0.41,0.7,0.33,0.3,0.87,0.85,0.03,0.46,0.14,17576,18.619439125061035
0.4,0.7,0.33,0.3,0.86,0.85,0.03,0.46,0.14,17387,18.62377667427063
0.43,0.69,0.32,0.32,0.85,0.85,0.03,0.46,0.14,17212,18.62377667427063
0.42,0.69,0.32,0.32,0.85,0.85,0.03,0.46,0.14,17549,18.626761436462402
0.42,0.7,0.33,0.32,0.85,0.85,0.03,0.48,0.14,17642,18.63154149055481
0.44,0.7,0.33,0.31,0.84,0.85,0.03,0.48,0.14,17549,18.635013818740845
0.44,0.71,0.33,0.31,0.84,0.85,0.03,0.48,0.14,17308,18.63911199569702
0.42,0.71,0.33,0.31,0.84,0.85,0.03,0.48,0.14,17357,18.63911199569702
0.43,0.71,0.33,0.33,0.85,0.85,0.04,0.47,0.13,17488,18.6431086063385
0.43,0.71,0.32,0.32,0.84,0.86,0.03,0.48,0.14,17581,18.648475646972656
0.44,0.71,0.32,0.32,0.85,0.86,0.03,0.47,0.14,17394,18.651129722595215
0.43,0.71,0.33,0.32,0.85,0.85,0.03,0.47,0.14,17695,18.651129722595215
0.46,0.71,0.33,0.33,0.85,0.85,0.03,0.47,0.14,17540,18.656162977218628
0.43,0.71,0.33,0.31,0.85,0.85,0.03,0.47,0.14,17575,18.660142421722412
0.44,0.71,0.32,0.33,0.85,0.85,0.03,0.47,0.14,17554,18.66367244720459
0.45,0.7,0.32,0.31,0.85,0.86,0.03,0.47,0.14,17685,18.664730310440063
0.45,0.71,0.32,0.3,0.85,0.85,0.03,0.47,0.14,17512,18.66811466217041
0.45,0.7,0.33,0.32,0.84,0.86,0.03,0.47,0.14,17805,18.672520875930786
0.46,0.7,0.33,0.3,0.84,0.86,0.04,0.47,0.14,17544,18.675787687301636
0.47,0.71,0.33,0.32,0.84,0.85,0.03,0.48,0.14,17407,18.676520586013794
0.46,0.7,0.34,0.3,0.84,0.85,0.03,0.49,0.14,17478,18.680132150650024
0.48,0.7,0.33,0.32,0.84,0.85,0.03,0.49,0.13,17375,18.68338108062744
0.46,0.7,0.33,0.33,0.85,0.85,0.04,0.48,0.14,17394,18.688108682632446
0.46,0.7,0.33,0.33,0.85,0.85,0.03,0.48,0.14,17321,18.689143657684326
0.44,0.69,0.33,0.31,0.85,0.86,0.03,0.48,0.15,17522,18.692524433135986
0.44,0.69,0.32,0.32,0.86,0.86,0.03,0.47,0.14,17797,18.697105646133423
0.44,0.7,0.33,0.31,0.86,0.86,0.03,0.48,0.14,17412,18.700279474258423
0.45,0.7,0.32,0.31,0.86,0.86,0.03,0.48,0.14,17485,18.70440411567688
0.45,0.7,0.33,0.3,0.87,0.86,0.04,0.48,0.14,17214,18.705108642578125
0.45,0.7,0.33,0.3,0.86,0.86,0.03,0.49,0.15,17281,18.708184957504272
0.45,0.7,0.33,0.3,0.87,0.86,0.03,0.49,0.14,17128,18.713780879974365
0.44,0.7,0.32,0.3,0.85,0.86,0.03,0.49,0.14,17221,18.716912269592285
0.43,0.71,0.32,0.31,0.85,0.86,0.03,0.49,0.14,17644,18.71795654296875
0.44,0.71,0.32,0.32,0.85,0.86,0.03,0.48,0.14,17681,18.72111225128174
0.43,0.71,0.32,0.32,0.85,0.86,0.03,0.49,0.14,17476,18.72507643699646
0.43,0.71,0.33,0.32,0.84,0.85,0.03,0.49,0.15,17735,18.72931981086731
0.42,0.71,0.33,0.32,0.86,0.85,0.03,0.48,0.15,17880,18.730105876922607
0.43,0.7,0.34,0.32,0.86,0.85,0.03,0.49,0.15,17483,18.733126163482666
0.41,0.71,0.35,0.31,0.87,0.86,0.03,0.49,0.15,16926,18.737101554870605
0.42,0.7,0.35,0.31,0.86,0.85,0.03,0.48,0.15,17061,18.741392850875854
0.42,0.7,0.35,0.31,0.86,0.86,0.03,0.48,0.14,17504,18.74212622642517
0.43,0.71,0.35,0.31,0.86,0.86,0.02,0.48,0.15,17591,18.74551224708557
0.43,0.7,0.35,0.32,0.86,0.86,0.03,0.48,0.15,17506,18.75056481361389
0.44,0.7,0.36,0.32,0.86,0.86,0.03,0.49,0.15,17757,18.753952741622925
0.44,0.69,0.36,0.32,0.87,0.86,0.03,0.49,0.15,17070,18.754998445510864
0.45,0.7,0.35,0.32,0.86,0.86,0.03,0.49,0.15,16873,18.758155345916748
0.46,0.7,0.36,0.32,0.85,0.86,0.03,0.49,0.15,17372,18.76234221458435
0.45,0.7,0.36,0.33,0.86,0.86,0.03,0.49,0.15,17801,18.76622438430786
0.46,0.7,0.36,0.33,0.86,0.86,0.02,0.5,0.15,17314,18.767355918884277
0.46,0.7,0.35,0.33,0.86,0.87,0.03,0.5,0.16,16773,18.770121812820435
0.46,0.71,0.35,0.32,0.86,0.87,0.03,0.5,0.15,16970,18.77497386932373
0.45,0.71,0.35,0.33,0.86,0.87,0.03,0.5,0.15,17525,18.7784206867218
0.46,0.71,0.35,0.33,0.86,0.86,0.02,0.5,0.15,17724,18.782458066940308
0.46,0.71,0.36,0.33,0.86,0.86,0.03,0.5,0.15,17191,18.7834210395813
0.46,0.71,0.36,0.33,0.86,0.87,0.03,0.5,0.15,16972,18.78626775741577
0.46,0.71,0.35,0.33,0.87,0.87,0.02,0.51,0.15,17225,18.79128909111023
0.46,0.71,0.35,0.33,0.87,0.87,0.03,0.51,0.14,17548,18.79428744316101
0.47,0.7,0.34,0.33,0.87,0.87,0.03,0.51,0.15,17359,18.795375108718872
0.47,0.7,0.35,0.34,0.87,0.87,0.03,0.5,0.15,17204,18.79886507987976
0.48,0.7,0.35,0.34,0.87,0.87,0.03,0.51,0.15,17405,18.802908897399902
0.48,0.71,0.34,0.33,0.87,0.86,0.02,0.5,0.15,17502,18.806901216506958
0.48,0.71,0.35,0.34,0.87,0.87,0.03,0.51,0.15,17071,18.80790114402771
0.47,0.71,0.35,0.34,0.88,0.87,0.03,0.5,0.15,16798,18.810901165008545
0.45,0.71,0.35,0.33,0.87,0.86,0.03,0.51,0.15,17239,18.814900398254395
0.46,0.7,0.34,0.34,0.87,0.86,0.03,0.51,0.14,17430,18.819005250930786
0.45,0.71,0.34,0.32,0.86,0.86,0.03,0.51,0.14,17309,18.819005250930786
0.46,0.71,0.34,0.32,0.88,0.86,0.03,0.51,0.14,17020,18.823304653167725
0.46,0.7,0.35,0.33,0.87,0.86,0.03,0.51,0.14,17239,18.82730197906494
0.47,0.7,0.35,0.33,0.87,0.86,0.03,0.51,0.14,17600,18.831582069396973
0.46,0.7,0.36,0.33,0.87,0.86,0.03,0.51,0.14,17841,18.831582069396973
0.46,0.7,0.35,0.33,0.87,0.86,0.02,0.51,0.15,17848,18.835349559783936
0.46,0.7,0.35,0.33,0.87,0.86,0.03,0.51,0.14,18059,18.839589834213257
0.46,0.69,0.34,0.32,0.88,0.86,0.03,0.5,0.14,17676,18.843623638153076
0.45,0.7,0.34,0.32,0.88,0.87,0.02,0.51,0.14,17137,18.847655773162842
0.45,0.7,0.34,0.32,0.87,0.87,0.03,0.5,0.14,17044,18.848665714263916
0.46,0.7,0.34,0.32,0.88,0.87,0.03,0.51,0.15,17369,18.852269411087036
0.46,0.7,0.34,0.33,0.87,0.86,0.02,0.51,0.14,17466,18.856269121170044
0.46,0.71,0.35,0.32,0.87,0.86,0.03,0.51,0.13,17575,18.859962463378906
0.47,0.71,0.34,0.32,0.87,0.86,0.03,0.51,0.15,17392,18.859962463378906
0.46,0.71,0.35,0.33,0.87,0.86,0.03,0.51,0.14,17665,18.864482164382935
0.47,0.7,0.34,0.35,0.87,0.87,0.03,0.51,0.15,17646,18.86948251724243
0.46,0.71,0.34,0.34,0.87,0.87,0.03,0.51,0.14,17545,18.872596502304077
0.45,0.71,0.34,0.34,0.88,0.87,0.03,0.51,0.15,17742,18.873523473739624
0.47,0.7,0.34,0.34,0.89,0.88,0.02,0.51,0.15,17699,18.87752342224121
0.47,0.7,0.34,0.34,0.87,0.87,0.03,0.5,0.14,17614,18.88089084625244
0.47,0.71,0.35,0.33,0.87,0.87,0.03,0.51,0.15,17367,18.885022401809692
0.46,0.71,0.35,0.33,0.87,0.87,0.03,0.51,0.15,17216,18.885541439056396
0.47,0.71,0.35,0.34,0.88,0.87,0.03,0.5,0.15,17103,18.88889455795288
0.47,0.7,0.35,0.35,0.87,0.87,0.03,0.51,0.15,17060,18.893417358398438
0.46,0.71,0.35,0.35,0.88,0.87,0.03,0.51,0.15,17263,18.896559953689575
0.46,0.71,0.35,0.36,0.87,0.87,0.03,0.5,0.15,17658,18.897560834884644
0.46,0.71,0.34,0.36,0.87,0.87,0.03,0.51,0.15,17987,18.901561975479126
0.46,0.71,0.35,0.36,0.87,0.87,0.03,0.51,0.15,17604,18.905559062957764
0.47,0.71,0.34,0.36,0.88,0.87,0.03,0.5,0.15,17565,18.909239292144775
0.47,0.71,0.35,0.35,0.88,0.87,0.03,0.5,0.15,17418,18.912572622299194
0.48,0.71,0.36,0.36,0.88,0.87,0.03,0.5,0.15,17395,18.91359519958496
0.47,0.71,0.35,0.36,0.88,0.87,0.03,0.5,0.15,17462,18.917616367340088
0.47,0.72,0.35,0.35,0.88,0.88,0.03,0.5,0.15,17313,18.921616554260254
0.45,0.72,0.34,0.34,0.88,0.88,0.03,0.51,0.15,17248,18.925477504730225
0.46,0.72,0.35,0.34,0.87,0.88,0.03,0.51,0.15,17857,18.92619562149048
0.47,0.71,0.35,0.35,0.88,0.88,0.03,0.51,0.15,18046,18.92964196205139
0.47,0.71,0.35,0.35,0.87,0.88,0.03,0.51,0.15,17549,18.934694051742554
0.47,0.72,0.35,0.35,0.88,0.88,0.03,0.5,0.15,17418,18.93834924697876
0.46,0.72,0.35,0.34,0.88,0.88,0.03,0.51,0.15,17743,18.93834924697876
0.47,0.72,0.34,0.34,0.88,0.88,0.03,0.5,0.15,18076,18.942947149276733
0.47,0.72,0.34,0.35,0.88,0.88,0.03,0.51,0.15,17807,18.946088314056396
0.47,0.72,0.35,0.35,0.88,0.88,0.03,0.5,0.15,17778,18.950677394866943
0.47,0.72,0.34,0.35,0.87,0.88,0.03,0.5,0.15,17665,18.951575756072998
0.48,0.73,0.34,0.34,0.87,0.88,0.03,0.51,0.15,17134,18.954575777053833
0.48,0.72,0.35,0.35,0.87,0.88,0.02,0.51,0.15,17127,18.95957612991333
0.47,0.72,0.34,0.36,0.87,0.88,0.03,0.51,0.15,16926,18.962815046310425
0.48,0.72,0.34,0.35,0.86,0.87,0.03,0.51,0.15,17079,18.963850259780884
0.48,0.72,0.34,0.35,0.88,0.87,0.03,0.51,0.14,17278,18.96778416633606
0.47,0.71,0.34,0.35,0.88,0.88,0.03,0.51,0.15,17339,18.970726251602173
0.47,0.7,0.33,0.35,0.88,0.88,0.03,0.51,0.15,17810,18.97518515586853
0.47,0.71,0.34,0.34,0.89,0.88,0.03,0.52,0.15,17991,18.976146697998047
0.47,0.71,0.34,0.34,0.88,0.88,0.03,0.51,0.14,17426,18.978992700576782
0.46,0.71,0.33,0.35,0.88,0.88,0.04,0.52,0.15,16841,18.98371410369873
0.47,0.72,0.33,0.35,0.88,0.88,0.03,0.52,0.14,17110,18.987767457962036
0.46,0.72,0.34,0.35,0.88,0.88,0.03,0.51,0.14,17175,18.991620302200317
0.45,0.71,0.34,0.35,0.88,0.88,0.03,0.51,0.15,17212,18.992080450057983
0.46,0.71,0.34,0.35,0.88,0.88,0.03,0.51,0.15,17831,18.996127367019653
0.47,0.71,0.33,0.35,0.88,0.88,0.03,0.52,0.14,17698,19.00012755393982
0.46,0.71,0.34,0.35,0.88,0.88,0.03,0.51,0.15,17031,19.00346803665161
0.47,0.72,0.34,0.36,0.88,0.88,0.03,0.52,0.15,17110,19.004103183746338
0.46,0.72,0.34,0.36,0.89,0.88,0.03,0.51,0.14,17339,19.008103370666504
0.48,0.72,0.34,0.36,0.89,0.88,0.03,0.51,0.14,17566,19.011442184448242
0.47,0.72,0.34,0.36,0.89,0.88,0.03,0.52,0.14,17859,19.015956163406372
0.46,0.72,0.34,0.36,0.89,0.88,0.03,0.51,0.14,17910,19.017000198364258
0.48,0.72,0.35,0.36,0.89,0.88,0.03,0.51,0.15,17931,19.01945972442627
0.49,0.72,0.35,0.36,0.89,0.88,0.03,0.51,0.15,17568,19.024471521377563
0.47,0.71,0.35,0.37,0.9,0.88,0.03,0.51,0.14,17743,19.027518272399902
0.48,0.72,0.35,0.37,0.9,0.88,0.03,0.51,0.14,17766,19.027518272399902
0.48,0.72,0.35,0.36,0.89,0.88,0.03,0.52,0.14,17549,19.03196120262146
0.49,0.72,0.35,0.37,0.9,0.88,0.03,0.52,0.14,17250,19.03614568710327
0.48,0.72,0.35,0.36,0.9,0.88,0.03,0.52,0.14,17361,19.040170431137085
0.48,0.72,0.35,0.37,0.89,0.88,0.03,0.52,0.15,17222,19.040170431137085
0.48,0.72,0.35,0.37,0.89,0.88,0.03,0.52,0.14,17405,19.04438591003418
0.48,0.72,0.35,0.38,0.89,0.88,0.03,0.52,0.14,17218,19.04837417602539
0.48,0.73,0.35,0.38,0.89,0.89,0.03,0.52,0.15,17233,19.05260705947876
0.48,0.72,0.35,0.38,0.89,0.89,0.03,0.52,0.15,17004,19.056377172470093
0.49,0.72,0.35,0.38,0.89,0.89,0.03,0.53,0.14,17259,19.057427406311035
0.48,0.72,0.35,0.38,0.88,0.89,0.03,0.53,0.15,17414,19.06032967567444
0.49,0.72,0.35,0.38,0.89,0.89,0.03,0.53,0.15,17421,19.065394163131714
0.48,0.72,0.35,0.37,0.89,0.89,0.03,0.53,0.15,17418,19.068609476089478
0.48,0.72,0.35,0.37,0.89,0.89,0.03,0.53,0.15,17381,19.069617986679077
0.47,0.72,0.36,0.37,0.88,0.89,0.03,0.53,0.15,17746,19.073660850524902
0.47,0.72,0.35,0.36,0.89,0.9,0.03,0.53,0.14,17915,19.078205585479736
0.47,0.72,0.35,0.38,0.89,0.9,0.03,0.53,0.15,17622,19.081299781799316
0.47,0.72,0.35,0.38,0.88,0.9,0.04,0.53,0.15,17233,19.081299781799316
0.48,0.72,0.35,0.38,0.88,0.89,0.03,0.53,0.15,16828,19.086334228515625
0.48,0.72,0.35,0.38,0.88,0.89,0.03,0.53,0.15,16843,19.089953899383545
0.47,0.72,0.35,0.38,0.89,0.9,0.03,0.53,0.14,16938,19.094019651412964
0.48,0.73,0.35,0.38,0.88,0.89,0.03,0.53,0.14,17603,19.094977855682373
0.49,0.72,0.35,0.39,0.88,0.89,0.04,0.53,0.14,17908,19.097991228103638
0.48,0.72,0.34,0.38,0.89,0.9,0.03,0.53,0.14,17637,19.102279663085938
0.48,0.72,0.35,0.38,0.88,0.9,0.03,0.53,0.15,17900,19.10606360435486
0.48,0.73,0.36,0.38,0.88,0.9,0.03,0.53,0.15,17911,19.107002019882202
0.48,0.72,0.36,0.38,0.88,0.9,0.03,0.53,0.15,17706,19.110775232315063
0.48,0.72,0.36,0.37,0.88,0.9,0.03,0.53,0.15,17505,19.114763736724854
0.47,0.73,0.36,0.37,0.89,0.9,0.03,0.53,0.15,17466,19.118346452713013
0.47,0.73,0.36,0.37,0.89,0.9,0.03,0.53,0.14,17941,19.122374296188354
0.48,0.72,0.36,0.37,0.89,0.9,0.03,0.53,0.15,17574,19.12346911430359
0.48,0.73,0.36,0.36,0.89,0.9,0.03,0.54,0.15,17419,19.126469135284424
0.48,0.73,0.36,0.37,0.89,0.9,0.03,0.53,0.15,17106,19.13060188293457
0.49,0.72,0.36,0.37,0.88,0.89,0.03,0.53,0.15,17263,19.134675979614258
0.48,0.73,0.36,0.37,0.89,0.89,0.04,0.54,0.15,17588,19.134675979614258
0.48,0.73,0.36,0.38,0.88,0.9,0.03,0.53,0.15,17081,19.138659477233887
0.48,0.72,0.35,0.38,0.89,0.89,0.03,0.53,0.15,17180,19.143049478530884
0.48,0.72,0.35,0.38,0.89,0.9,0.04,0.53,0.15,17225,19.14704656600952
0.49,0.72,0.35,0.38,0.89,0.9,0.04,0.54,0.15,17400,19.14704656600952
0.48,0.72,0.35,0.37,0.89,0.89,0.04,0.54,0.15,17607,19.15074634552002
0.48,0.73,0.35,0.38,0.89,0.9,0.04,0.54,0.15,17768,19.155284643173218
0.49,0.72,0.35,0.38,0.9,0.89,0.04,0.53,0.15,17713,19.15930676460266
0.49,0.73,0.35,0.38,0.89,0.9,0.04,0.53,0.15,17540,19.15930676460266
0.48,0.73,0.35,0.39,0.89,0.9,0.04,0.52,0.15,16969,19.16366696357727
0.48,0.72,0.35,0.38,0.89,0.9,0.04,0.53,0.15,16982,19.167865991592407
0.48,0.72,0.35,0.39,0.89,0.9,0.04,0.53,0.15,17591,19.171778678894043
0.48,0.72,0.34,0.39,0.9,0.9,0.04,0.53,0.15,17696,19.17276406288147
0.47,0.72,0.35,0.38,0.9,0.9,0.04,0.53,0.14,17545,19.175780534744263
0.48,0.72,0.35,0.39,0.9,0.9,0.05,0.53,0.15,17468,19.18076467514038
0.48,0.72,0.34,0.38,0.9,0.89,0.04,0.52,0.15,17799,19.18409252166748
0.48,0.73,0.35,0.38,0.9,0.9,0.04,0.53,0.15,17426,19.18409252166748
0.48,0.72,0.35,0.38,0.9,0.9,0.04,0.53,0.15,17153,19.188696146011353
0.48,0.73,0.35,0.38,0.9,0.89,0.03,0.53,0.15,17546,19.192842483520508
0.48,0.73,0.35,0.38,0.89,0.89,0.04,0.52,0.15,17891,19.19624662399292
0.47,0.73,0.35,0.39,0.89,0.89,0.04,0.53,0.15,17226,19.200288772583008
0.48,0.73,0.35,0.39,0.89,0.89,0.04,0.53,0.15,17259,19.200288772583008
0.48,0.73,0.35,0.39,0.89,0.89,0.04,0.53,0.15,17408,19.204407215118408
0.49,0.74,0.35,0.39,0.89,0.89,0.04,0.52,0.16,17211,19.209458589553833
0.48,0.74,0.36,0.38,0.9,0.89,0.04,0.52,0.15,17386,19.212499856948853
0.48,0.74,0.36,0.38,0.9,0.89,0.04,0.52,0.15,17361,19.213505744934082
0.48,0.74,0.36,0.38,0.89,0.89,0.04,0.52,0.15,17396,19.216534852981567
0.49,0.73,0.36,0.39,0.9,0.89,0.04,0.52,0.15,17795,19.220932722091675
0.48,0.73,0.36,0.39,0.9,0.89,0.04,0.52,0.15,17528,19.224966764450073
0.49,0.74,0.35,0.39,0.9,0.9,0.04,0.52,0.14,17517,19.22589087486267
0.49,0.73,0.35,0.39,0.9,0.89,0.04,0.51,0.15,17718,19.228934049606323
0.49,0.72,0.35,0.39,0.9,0.89,0.04,0.51,0.15,17517,19.233903169631958
0.49,0.72,0.35,0.39,0.9,0.89,0.04,0.51,0.15,17092,19.23728847503662
0.49,0.72,0.35,0.38,0.9,0.89,0.04,0.51,0.15,16963,19.23728847503662
0.49,0.72,0.35,0.4,0.91,0.89,0.04,0.51,0.15,17010,19.241847038269043
0.48,0.72,0.35,0.4,0.9,0.89,0.04,0.52,0.15,16917,19.245323419570923
0.49,0.72,0.35,0.4,0.91,0.89,0.04,0.51,0.15,17236,19.249355792999268
0.49,0.72,0.35,0.39,0.91,0.89,0.04,0.51,0.15,17255,19.249355792999268
0.49,0.72,0.36,0.4,0.91,0.9,0.04,0.51,0.15,17154,19.253517627716064
0.5,0.73,0.36,0.39,0.91,0.89,0.05,0.52,0.15,17233,19.2583589553833
0.49,0.73,0.36,0.4,0.91,0.89,0.04,0.51,0.15,17684,19.261637210845947
0.49,0.73,0.36,0.41,0.91,0.89,0.05,0.51,0.15,17489,19.26235866546631
0.5,0.72,0.36,0.41,0.92,0.89,0.04,0.52,0.15,17242,19.266873598098755
0.49,0.72,0.35,0.4,0.91,0.89,0.04,0.52,0.15,17421,19.27026629447937
0.49,0.72,0.35,0.4,0.91,0.89,0.04,0.52,0.15,17620,19.27404808998108
0.48,0.72,0.35,0.39,0.91,0.89,0.04,0.52,0.15,17577,19.277037143707275
0.49,0.72,0.35,0.41,0.93,0.89,0.04,0.52,0.15,17422,19.278080224990845
0.49,0.72,0.36,0.4,0.92,0.89,0.04,0.52,0.15,17493,19.28289270401001
0.49,0.72,0.36,0.4,0.92,0.89,0.05,0.53,0.15,17538,19.2868595123291
0.49,0.72,0.36,0.4,0.92,0.89,0.04,0.53,0.15,17585,19.29017686843872
0.5,0.73,0.35,0.4,0.93,0.89,0.05,0.54,0.15,17016,19.290929794311523
0.5,0.74,0.36,0.39,0.92,0.89,0.04,0.54,0.15,17177,19.294940948486328
0.49,0.74,0.35,0.39,0.92,0.89,0.04,0.54,0.15,17486,19.298624992370605
0.5,0.74,0.35,0.39,0.91,0.89,0.05,0.54,0.15,17205,19.302966594696045
0.5,0.74,0.36,0.4,0.92,0.89,0.04,0.54,0.15,17426,19.30396604537964
0.5,0.74,0.36,0.4,0.92,0.89,0.05,0.54,0.15,17453,19.30596351623535
0.51,0.73,0.36,0.39,0.92,0.89,0.04,0.54,0.15,17350,19.310604333877563
0.5,0.73,0.36,0.39,0.92,0.89,0.04,0.54,0.15,17439,19.31461524963379
0.49,0.74,0.36,0.39,0.93,0.89,0.05,0.54,0.15,17646,19.31558847427368
0.49,0.73,0.36,0.39,0.92,0.89,0.04,0.54,0.15,17633,19.318602800369263
0.49,0.74,0.36,0.39,0.92,0.89,0.05,0.55,0.15,17620,19.32361125946045
0.5,0.74,0.36,0.39,0.92,0.9,0.04,0.54,0.15,17347,19.32689142227173
0.51,0.73,0.36,0.39,0.93,0.9,0.04,0.54,0.15,17192,19.327892065048218
0.5,0.73,0.36,0.39,0.92,0.9,0.05,0.54,0.15,17741,19.331153869628906
0.5,0.73,0.36,0.4,0.92,0.9,0.04,0.54,0.15,17766,19.335229873657227
0.5,0.74,0.35,0.39,0.92,0.9,0.05,0.54,0.15,17597,19.339229583740234
0.5,0.73,0.35,0.38,0.93,0.9,0.05,0.54,0.15,17180,19.34022808074951
0.5,0.74,0.35,0.4,0.93,0.9,0.05,0.53,0.15,17083,19.3432297706604
0.5,0.74,0.35,0.4,0.93,0.9,0.04,0.54,0.15,17570,19.34826898574829
0.5,0.74,0.36,0.4,0.93,0.9,0.05,0.53,0.15,17445,19.35164475440979
0.5,0.74,0.35,0.38,0.93,0.9,0.04,0.53,0.15,17358,19.35576558113098
0.5,0.74,0.35,0.39,0.93,0.9,0.04,0.54,0.15,17775,19.35576558113098
0.5,0.73,0.35,0.38,0.93,0.9,0.04,0.54,0.15,18058,19.359850883483887
0.5,0.73,0.35,0.39,0.93,0.89,0.04,0.54,0.15,17673,19.36411452293396
0.51,0.74,0.35,0.4,0.93,0.9,0.04,0.54,0.15,17416,19.368147611618042
0.51,0.74,0.35,0.4,0.93,0.9,0.05,0.54,0.15,17423,19.368147611618042
0.51,0.74,0.35,0.38,0.93,0.9,0.04,0.54,0.15,17398,19.37227439880371
0.5,0.74,0.35,0.39,0.93,0.9,0.04,0.53,0.14,17515,19.37626338005066
0.51,0.74,0.35,0.4,0.93,0.9,0.05,0.53,0.15,17740,19.380263805389404
0.5,0.74,0.35,0.4,0.93,0.9,0.05,0.53,0.15,17573,19.380263805389404
0.51,0.74,0.35,0.4,0.93,0.9,0.05,0.53,0.15,17532,19.385308027267456
0.51,0.74,0.35,0.39,0.93,0.91,0.05,0.52,0.15,17379,19.388232707977295
0.5,0.75,0.35,0.39,0.93,0.9,0.04,0.52,0.15,17452,19.393150568008423
0.5,0.74,0.35,0.39,0.93,0.9,0.05,0.53,0.15,17745,19.393150568008423
0.5,0.73,0.35,0.4,0.92,0.91,0.05,0.53,0.15,17478,19.396135330200195
0.5,0.74,0.35,0.4,0.93,0.9,0.05,0.53,0.15,17747,19.40117573738098
0.51,0.74,0.35,0.41,0.92,0.9,0.05,0.53,0.15,17710,19.405110836029053
0.5,0.75,0.35,0.41,0.93,0.91,0.04,0.52,0.15,17879,19.40615439414978
0.5,0.74,0.35,0.39,0.92,0.91,0.05,0.52,0.15,17280,19.40874409675598
0.5,0.74,0.35,0.39,0.92,0.91,0.04,0.53,0.15,17115,19.413862705230713
0.49,0.75,0.35,0.4,0.92,0.9,0.05,0.53,0.15,17712,19.417863368988037
0.51,0.75,0.35,0.4,0.93,0.9,0.05,0.53,0.15,17911,19.417863368988037
0.5,0.75,0.36,0.38,0.93,0.91,0.04,0.52,0.15,17768,19.421863555908203
0.52,0.74,0.35,0.39,0.93,0.9,0.05,0.52,0.15,17731,19.426377058029175
0.51,0.74,0.35,0.39,0.93,0.9,0.05,0.52,0.15,17582,19.429736375808716
0.51,0.74,0.35,0.4,0.93,0.9,0.05,0.52,0.15,17285,19.43080234527588
0.51,0.74,0.35,0.39,0.92,0.91,0.05,0.52,0.15,17518,19.43420648574829
0.51,0.74,0.36,0.39,0.92,0.91,0.05,0.53,0.15,17581,19.43853497505188
0.5,0.74,0.35,0.4,0.93,0.91,0.04,0.53,0.15,17484,19.441976308822632
0.5,0.73,0.35,0.39,0.92,0.9,0.05,0.53,0.15,17375,19.44644069671631
0.5,0.74,0.36,0.41,0.92,0.9,0.05,0.53,0.15,17786,19.44644069671631
0.51,0.74,0.36,0.4,0.92,0.91,0.04,0.52,0.15,17597,19.45052671432495
0.5,0.74,0.35,0.4,0.92,0.91,0.05,0.52,0.15,17202,19.45452618598938
0.5,0.73,0.35,0.4,0.92,0.9,0.05,0.53,0.15,16811,19.458256721496582
0.5,0.74,0.35,0.4,0.92,0.9,0.04,0.52,0.15,16928,19.45898127555847
0.51,0.74,0.35,0.4,0.93,0.9,0.05,0.53,0.15,17423,19.46251153945923
0.51,0.73,0.35,0.39,0.92,0.91,0.04,0.52,0.15,17122,19.466330766677856
0.51,0.73,0.35,0.39,0.93,0.91,0.05,0.52,0.15,17221,19.47010850906372
0.51,0.73,0.35,0.39,0.93,0.91,0.04,0.53,0.15,17008,19.4711492061615
0.51,0.73,0.35,0.39,0.92,0.91,0.05,0.52,0.15,17081,19.475090265274048
0.52,0.73,0.35,0.4,0.93,0.9,0.05,0.52,0.15,17488,19.479090929031372
0.52,0.73,0.35,0.4,0.93,0.91,0.04,0.53,0.15,17263,19.48344087600708
0.51,0.74,0.35,0.4,0.93,0.91,0.05,0.52,0.15,17178,19.48344087600708
0.51,0.73,0.35,0.4,0.92,0.91,0.05,0.53,0.15,17445,19.48750901222229
0.51,0.73,0.35,0.4,0.93,0.91,0.04,0.52,0.14,17656,19.491138696670532
0.52,0.73,0.35,0.4,0.93,0.91,0.04,0.52,0.15,17273,19.495434522628784
0.52,0.73,0.35,0.39,0.93,0.91,0.04,0.53,0.15,17528,19.495434522628784
0.52,0.73,0.35,0.39,0.92,0.91,0.04,0.52,0.15,17823,19.49958062171936
0.52,0.73,0.35,0.4,0.93,0.91,0.04,0.52,0.14,17556,19.503709316253662
0.53,0.72,0.35,0.4,0.93,0.91,0.05,0.52,0.15,17871,19.507683992385864
0.53,0.73,0.35,0.41,0.93,0.91,0.04,0.53,0.15,17470,19.507683992385864
0.53,0.73,0.35,0.4,0.92,0.91,0.05,0.53,0.14,17029,19.511698246002197
0.51,0.73,0.35,0.39,0.93,0.91,0.04,0.53,0.15,17214,19.51631784439087
0.52,0.73,0.36,0.39,0.93,0.91,0.04,0.52,0.15,17097,19.520210027694702
0.53,0.73,0.36,0.4,0.93,0.91,0.04,0.53,0.15,17088,19.52331566810608
0.53,0.73,0.36,0.39,0.93,0.91,0.04,0.52,0.15,17489,19.524200677871704
0.53,0.73,0.36,0.39,0.93,0.91,0.04,0.52,0.15,17242,19.527593851089478
0.53,0.73,0.36,0.39,0.93,0.91,0.04,0.52,0.15,17151,19.53221106529236
0.53,0.74,0.36,0.4,0.92,0.91,0.04,0.52,0.15,17194,19.53678274154663
0.52,0.73,0.36,0.41,0.93,0.91,0.04,0.52,0.15,17567,19.53678274154663
0.52,0.73,0.36,0.39,0.93,0.92,0.04,0.52,0.15,17690,19.54078245162964
0.53,0.74,0.37,0.39,0.93,0.91,0.05,0.52,0.15,17557,19.544782161712646
0.54,0.74,0.37,0.4,0.92,0.91,0.04,0.52,0.15,17906,19.548826456069946
0.53,0.74,0.37,0.39,0.92,0.9,0.04,0.52,0.14,18057,19.54987144470215
0.53,0.74,0.36,0.4,0.93,0.91,0.04,0.52,0.15,17438,19.55244541168213
0.54,0.74,0.36,0.41,0.93,0.91,0.05,0.52,0.15,17229,19.5562961101532
0.55,0.73,0.37,0.4,0.93,0.9,0.04,0.52,0.15,17188,19.560465335845947
0.54,0.73,0.37,0.39,0.93,0.9,0.04,0.52,0.15,17625,19.560465335845947
0.54,0.74,0.36,0.39,0.92,0.91,0.04,0.51,0.15,17368,19.565788984298706
0.54,0.74,0.37,0.39,0.92,0.91,0.04,0.52,0.15,17511,19.56912636756897
0.54,0.74,0.37,0.39,0.92,0.91,0.04,0.52,0.15,17412,19.573253393173218
0.54,0.74,0.37,0.38,0.92,0.91,0.04,0.52,0.15,17277,19.573253393173218
0.54,0.74,0.37,0.39,0.92,0.91,0.05,0.52,0.15,17418,19.577229022979736
0.54,0.74,0.37,0.39,0.92,0.91,0.04,0.53,0.15,17441,19.580972909927368
0.54,0.73,0.36,0.39,0.92,0.9,0.04,0.52,0.15,17526,19.585343837738037
0.55,0.74,0.37,0.39,0.92,0.91,0.04,0.52,0.15,17735,19.58885908126831
0.54,0.73,0.37,0.39,0.93,0.9,0.04,0.52,0.15,17738,19.58885908126831
0.54,0.74,0.37,0.4,0.93,0.91,0.04,0.52,0.15,17315,19.593870401382446
0.54,0.74,0.37,0.4,0.93,0.91,0.04,0.53,0.15,17676,19.597476959228516
0.53,0.73,0.36,0.4,0.93,0.91,0.05,0.53,0.15,17431,19.601630687713623
0.53,0.73,0.37,0.39,0.93,0.91,0.04,0.53,0.15,17000,19.601704120635986
0.53,0.73,0.37,0.39,0.93,0.91,0.04,0.53,0.15,17353,19.60538649559021
0.54,0.73,0.37,0.4,0.93,0.91,0.04,0.53,0.15,17714,19.609729528427124
0.53,0.73,0.37,0.4,0.94,0.9,0.04,0.53,0.15,17827,19.61372971534729
0.53,0.73,0.36,0.4,0.93,0.91,0.04,0.53,0.15,17374,19.614739894866943
0.54,0.73,0.37,0.4,0.93,0.91,0.04,0.53,0.15,17555,19.61833620071411
0.54,0.73,0.37,0.4,0.93,0.91,0.04,0.53,0.15,17644,19.622370958328247
0.54,0.74,0.37,0.4,0.92,0.91,0.05,0.53,0.15,17457,19.626429319381714
0.54,0.73,0.36,0.4,0.93,0.91,0.04,0.53,0.15,16954,19.626429319381714
0.53,0.73,0.37,0.4,0.92,0.91,0.05,0.53,0.15,17351,19.6305570602417
0.54,0.74,0.37,0.4,0.93,0.91,0.04,0.53,0.15,17410,19.634773015975952
0.53,0.74,0.37,0.39,0.93,0.91,0.04,0.53,0.15,17631,19.638805627822876
0.54,0.74,0.37,0.41,0.92,0.91,0.04,0.53,0.15,17334,19.639805555343628
0.54,0.74,0.37,0.4,0.92,0.9,0.05,0.53,0.15,17431,19.642805337905884
0.55,0.74,0.37,0.4,0.92,0.91,0.05,0.53,0.15,17612,19.647204399108887
0.55,0.74,0.37,0.41,0.92,0.91,0.05,0.53,0.15,17673,19.651694774627686
0.55,0.74,0.37,0.4,0.93,0.91,0.04,0.52,0.15,17320,19.654925107955933
0.54,0.74,0.37,0.41,0.93,0.91,0.04,0.52,0.16,17237,19.654925107955933
0.55,0.74,0.37,0.4,0.93,0.91,0.05,0.53,0.15,17804,19.65953755378723
0.55,0.75,0.37,0.41,0.93,0.91,0.05,0.53,0.16,17723,19.663535356521606
0.55,0.74,0.37,0.39,0.93,0.91,0.04,0.53,0.16,17316,19.66682195663452
0.54,0.74,0.37,0.4,0.93,0.91,0.04,0.52,0.15,17471,19.667535305023193
0.56,0.74,0.37,0.4,0.93,0.91,0.04,0.52,0.15,17646,19.67153525352478
0.55,0.73,0.37,0.39,0.93,0.91,0.04,0.52,0.16,17581,19.676544666290283
0.55,0.74,0.37,0.4,0.93,0.91,0.04,0.53,0.16,17914,19.678926944732666
0.55,0.74,0.37,0.4,0.93,0.92,0.04,0.53,0.16,17629,19.67996096611023
0.56,0.75,0.37,0.38,0.94,0.92,0.04,0.53,0.16,17454,19.683775901794434
0.55,0.75,0.37,0.4,0.94,0.91,0.04,0.53,0.15,17459,19.68824076652527
0.55,0.75,0.37,0.39,0.93,0.92,0.05,0.53,0.16,17926,19.691784143447876
0.55,0.75,0.37,0.39,0.94,0.91,0.04,0.53,0.16,17685,19.692680835723877
0.55,0.75,0.37,0.39,0.93,0.91,0.04,0.53,0.15,17690,19.696681022644043
0.56,0.75,0.37,0.4,0.93,0.92,0.04,0.53,0.16,17357,19.70018744468689
0.56,0.75,0.37,0.39,0.92,0.92,0.04,0.52,0.15,17058,19.70438814163208
0.55,0.74,0.37,0.4,0.93,0.91,0.05,0.53,0.16,17357,19.70438814163208
0.55,0.73,0.37,0.41,0.93,0.91,0.04,0.53,0.15,17772,19.708094835281372
0.55,0.74,0.37,0.41,0.93,0.91,0.05,0.52,0.16,17541,19.712138891220093
0.55,0.74,0.37,0.41,0.93,0.91,0.04,0.52,0.16,17314,19.717535257339478
0.55,0.74,0.37,0.41,0.94,0.92,0.05,0.52,0.15,17533,19.717535257339478
0.55,0.73,0.37,0.41,0.94,0.91,0.05,0.53,0.15,17692,19.720816373825073
0.55,0.73,0.37,0.41,0.94,0.91,0.04,0.53,0.15,17281,19.724479913711548
0.54,0.73,0.37,0.4,0.94,0.91,0.04,0.53,0.16,17236,19.728230237960815
0.55,0.73,0.37,0.41,0.94,0.91,0.05,0.53,0.15,17243,19.73231315612793
0.55,0.73,0.37,0.41,0.94,0.91,0.04,0.53,0.15,17292,19.733221769332886
0.55,0.73,0.37,0.41,0.94,0.91,0.04,0.53,0.15,18033,19.737221479415894
0.55,0.73,0.37,0.41,0.94,0.91,0.04,0.53,0.15,17852,19.741238117218018
0.55,0.74,0.38,0.41,0.94,0.91,0.05,0.54,0.15,17687,19.745266914367676
0.55,0.74,0.38,0.41,0.94,0.91,0.05,0.54,0.15,17374,19.745266914367676
0.55,0.73,0.37,0.41,0.94,0.91,0.05,0.54,0.15,17013,19.74910545349121
0.55,0.74,0.37,0.41,0.94,0.91,0.04,0.54,0.15,17488,19.753865957260132
0.55,0.74,0.37,0.41,0.94,0.91,0.04,0.54,0.15,17869,19.757161140441895
0.56,0.74,0.37,0.41,0.94,0.91,0.04,0.53,0.15,17924,19.757161140441895
0.56,0.74,0.37,0.41,0.94,0.91,0.05,0.54,0.15,17585,19.76147723197937
0.55,0.74,0.37,0.41,0.94,0.91,0.04,0.54,0.15,17206,19.765888929367065
0.55,0.74,0.37,0.41,0.94,0.91,0.05,0.54,0.15,17351,19.769858360290527
0.56,0.74,0.37,0.41,0.93,0.91,0.04,0.54,0.15,17292,19.769858360290527
0.55,0.74,0.37,0.41,0.93,0.91,0.04,0.54,0.15,17447,19.773186683654785
0.54,0.75,0.37,0.41,0.94,0.91,0.04,0.54,0.15,17352,19.777231693267822
0.55,0.74,0.37,0.41,0.93,0.91,0.05,0.54,0.15,17597,19.782013416290283
0.55,0.74,0.37,0.41,0.94,0.91,0.04,0.55,0.15,17964,19.783058643341064
0.54,0.74,0.37,0.41,0.94,0.91,0.05,0.54,0.16,17921,19.78531551361084
0.54,0.74,0.37,0.41,0.93,0.91,0.04,0.54,0.15,17448,19.790284872055054
0.54,0.73,0.37,0.4,0.93,0.91,0.04,0.54,0.15,17505,19.794090032577515
0.54,0.74,0.37,0.41,0.94,0.91,0.04,0.54,0.15,18274,19.798104524612427
0.54,0.74,0.37,0.41,0.94,0.91,0.04,0.54,0.15,17969,19.798818111419678
0.54,0.75,0.37,0.42,0.94,0.91,0.04,0.55,0.15,17628,19.802817583084106
0.55,0.75,0.37,0.41,0.94,0.91,0.05,0.55,0.15,17513,19.80680799484253
0.54,0.75,0.37,0.42,0.94,0.91,0.04,0.54,0.15,17406,19.81015157699585
0.54,0.74,0.37,0.4,0.93,0.91,0.05,0.54,0.15,17091,19.81094717979431
0.54,0.75,0.37,0.39,0.93,0.9,0.05,0.55,0.15,16942,19.814310789108276
0.55,0.74,0.37,0.41,0.93,0.9,0.04,0.54,0.15,17149,19.81938099861145
0.54,0.74,0.37,0.41,0.94,0.9,0.04,0.55,0.15,17542,19.822344064712524
0.55,0.74,0.37,0.42,0.93,0.9,0.04,0.54,0.15,17783,19.823357582092285
0.55,0.75,0.37,0.41,0.94,0.91,0.04,0.54,0.15,17236,19.82664966583252
0.55,0.74,0.37,0.4,0.93,0.91,0.05,0.54,0.15,17275,19.831410884857178
0.55,0.74,0.37,0.42,0.93,0.9,0.05,0.55,0.15,17514,19.83506155014038
0.55,0.74,0.37,0.41,0.93,0.9,0.04,0.55,0.15,17457,19.835797786712646
0.56,0.74,0.37,0.41,0.94,0.9,0.04,0.55,0.15,17104,19.839797973632812
0.56,0.74,0.37,0.4,0.94,0.9,0.05,0.55,0.15,17279,19.84428834915161
0.55,0.74,0.37,0.42,0.94,0.9,0.05,0.54,0.15,17412,19.847522258758545
0.55,0.75,0.38,0.41,0.94,0.9,0.04,0.55,0.15,17505,19.848288774490356
0.55,0.75,0.38,0.41,0.94,0.91,0.04,0.55,0.15,17486,19.852308988571167
0.55,0.75,0.37,0.41,0.93,0.9,0.04,0.54,0.15,17665,19.85564923286438
0.55,0.75,0.37,0.42,0.95,0.9,0.05,0.54,0.15,17474,19.860366582870483
0.55,0.75,0.37,0.42,0.94,0.91,0.04,0.54,0.15,17273,19.8613920211792
0.54,0.75,0.37,0.41,0.94,0.9,0.04,0.54,0.15,17128,19.8640296459198
0.54,0.74,0.37,0.42,0.94,0.9,0.05,0.54,0.15,17277,19.868027925491333
0.54,0.75,0.37,0.42,0.94,0.9,0.05,0.54,0.15,17318,19.87201976776123
0.54,0.75,0.37,0.41,0.94,0.9,0.05,0.54,0.15,17265,19.876051902770996
0.54,0.75,0.38,0.41,0.94,0.9,0.05,0.54,0.15,17338,19.877097368240356
0.55,0.75,0.37,0.42,0.94,0.9,0.05,0.54,0.15,17159,19.880144357681274
0.55,0.74,0.38,0.42,0.94,0.91,0.05,0.54,0.15,17152,19.885093688964844
0.55,0.74,0.38,0.41,0.94,0.9,0.04,0.54,0.15,17415,19.88838005065918
0.55,0.74,0.38,0.41,0.94,0.9,0.05,0.54,0.15,17548,19.88838005065918
0.55,0.74,0.38,0.41,0.94,0.9,0.05,0.54,0.15,17757,19.8919734954834
0.56,0.74,0.37,0.42,0.94,0.9,0.05,0.54,0.15,17866,19.896968126296997
0.55,0.74,0.37,0.42,0.94,0.9,0.05,0.54,0.15,17861,19.900052309036255
0.54,0.74,0.37,0.41,0.94,0.9,0.04,0.54,0.15,17866,19.900988340377808
0.55,0.74,0.37,0.41,0.94,0.9,0.05,0.54,0.15,17827,19.904988527297974
0.55,0.74,0.37,0.41,0.94,0.9,0.05,0.54,0.15,17814,19.908661365509033
0.55,0.74,0.37,0.41,0.94,0.9,0.05,0.54,0.15,17849,19.912981271743774
0.55,0.73,0.36,0.42,0.95,0.9,0.04,0.54,0.15,18034,19.91374897956848
0.55,0.74,0.37,0.41,0.95,0.91,0.05,0.54,0.15,17841,19.91774892807007
0.56,0.74,0.37,0.41,0.94,0.9,0.05,0.54,0.15,17438,19.920836448669434
0.55,0.74,0.37,0.41,0.94,0.9,0.04,0.54,0.15,17387,19.92483639717102
0.55,0.74,0.37,0.41,0.94,0.91,0.05,0.54,0.15,17342,19.92483639717102
0.55,0.74,0.37,0.42,0.94,0.91,0.05,0.54,0.15,17379,19.929938554763794
0.55,0.74,0.37,0.42,0.94,0.91,0.04,0.54,0.15,16824,19.934017181396484
0.55,0.74,0.37,0.42,0.95,0.91,0.04,0.54,0.15,17079,19.938121795654297
0.55,0.74,0.37,0.42,0.94,0.91,0.04,0.54,0.15,17492,19.941555976867676
0.55,0.74,0.37,0.42,0.94,0.91,0.05,0.53,0.15,17479,19.94261121749878
0.55,0.74,0.37,0.42,0.95,0.91,0.04,0.53,0.15,17372,19.946717262268066
0.55,0.75,0.37,0.42,0.94,0.91,0.04,0.53,0.14,17353,19.950035333633423
0.56,0.75,0.37,0.42,0.95,0.91,0.04,0.53,0.15,17514,19.953956365585327
0.54,0.74,0.37,0.42,0.94,0.91,0.04,0.53,0.15,17651,19.955002069473267
0.54,0.75,0.37,0.42,0.94,0.91,0.04,0.53,0.16,17240,19.957635402679443
0.54,0.74,0.37,0.42,0.94,0.91,0.04,0.54,0.15,17423,19.96268320083618
0.54,0.74,0.37,0.42,0.94,0.91,0.04,0.54,0.15,17856,19.965659379959106
0.55,0.74,0.37,0.42,0.94,0.91,0.04,0.54,0.15,17677,19.965659379959106
0.55,0.75,0.37,0.42,0.94,0.91,0.04,0.54,0.15,17348,19.97033190727234
0.55,0.74,0.37,0.42,0.94,0.91,0.04,0.54,0.15,17065,19.97453022003174
0.54,0.75,0.37,0.42,0.95,0.91,0.05,0.54,0.15,17646,19.978508472442627
0.54,0.75,0.37,0.41,0.94,0.91,0.04,0.54,0.15,18011,19.979528665542603
0.55,0.75,0.37,0.42,0.95,0.91,0.04,0.54,0.15,17690,19.98236060142517
0.55,0.74,0.37,0.42,0.95,0.91,0.04,0.54,0.15,17233,19.986529111862183
0.54,0.75,0.37,0.42,0.94,0.9,0.04,0.54,0.15,17700,19.991755962371826
0.55,0.75,0.37,0.42,0.93,0.91,0.04,0.54,0.15,17687,19.991755962371826
0.55,0.75,0.37,0.42,0.94,0.91,0.04,0.54,0.15,17102,19.995755672454834
0.55,0.75,0.37,0.42,0.94,0.91,0.04,0.54,0.15,16973,19.999756336212158
0.54,0.75,0.37,0.42,0.94,0.91,0.04,0.54,0.14,17126,20.003199100494385
0.55,0.75,0.37,0.42,0.94,0.91,0.04,0.54,0.15,17295,20.00741696357727
0.55,0.75,0.36,0.42,0.95,0.91,0.05,0.54,0.15,17368,20.00741696357727
0.54,0.75,0.37,0.42,0.94,0.91,0.04,0.55,0.15,17469,20.01141929626465
0.56,0.75,0.37,0.42,0.94,0.91,0.04,0.55,0.15,17826,20.014963150024414
0.54,0.75,0.37,0.42,0.94,0.91,0.05,0.55,0.15,17309,20.019432544708252
0.55,0.75,0.37,0.41,0.95,0.91,0.04,0.55,0.15,17118,20.020341157913208
0.55,0.75,0.37,0.42,0.94,0.91,0.04,0.55,0.15,17771,20.023618936538696
0.55,0.75,0.37,0.41,0.94,0.91,0.04,0.55,0.15,17610,20.027617931365967
0.55,0.75,0.37,0.42,0.94,0.91,0.04,0.55,0.15,17455,20.031614065170288
0.55,0.75,0.37,0.42,0.94,0.92,0.04,0.55,0.15,17382,20.03261423110962
0.54,0.75,0.37,0.42,0.94,0.91,0.04,0.54,0.15,17565,20.035629749298096
0.55,0.75,0.37,0.42,0.94,0.91,0.04,0.55,0.15,17570,20.03972840309143
0.55,0.75,0.37,0.41,0.94,0.92,0.04,0.55,0.15,17603,20.04415535926819
0.54,0.75,0.37,0.41,0.94,0.92,0.04,0.55,0.15,17362,20.044297218322754
0.55,0.75,0.37,0.41,0.95,0.92,0.05,0.55,0.15,17447,20.048306226730347
0.55,0.74,0.37,0.42,0.94,0.92,0.04,0.55,0.15,17342,20.052352905273438
0.56,0.75,0.37,0.42,0.94,0.91,0.04,0.55,0.15,17035,20.056767463684082
0.56,0.74,0.37,0.42,0.94,0.91,0.04,0.55,0.15,17054,20.056767463684082
0.55,0.74,0.37,0.42,0.95,0.91,0.04,0.55,0.15,17409,20.060959339141846
0.55,0.74,0.37,0.42,0.94,0.91,0.04,0.55,0.15,17552,20.064924478530884
0.55,0.74,0.37,0.43,0.95,0.91,0.04,0.54,0.15,18013,20.069139003753662
0.55,0.75,0.37,0.42,0.95,0.91,0.04,0.55,0.15,17606,20.070108652114868
0.54,0.74,0.37,0.43,0.95,0.91,0.05,0.55,0.15,17745,20.07210946083069
0.54,0.74,0.37,0.43,0.94,0.91,0.05,0.55,0.15,18168,20.077157258987427
0.54,0.74,0.37,0.43,0.95,0.91,0.06,0.55,0.15,17603,20.081143617630005
0.55,0.74,0.37,0.43,0.95,0.91,0.05,0.55,0.15,17448,20.084673404693604
0.55,0.74,0.37,0.43,0.95,0.91,0.04,0.55,0.15,17161,20.085718631744385
0.54,0.74,0.37,0.43,0.95,0.91,0.05,0.55,0.15,17488,20.088731288909912
0.55,0.74,0.37,0.43,0.95,0.91,0.04,0.54,0.15,17623,20.094268321990967
0.55,0.74,0.37,0.43,0.95,0.92,0.05,0.54,0.15,17162,20.097672700881958
0.55,0.74,0.37,0.43,0.95,0.92,0.04,0.54,0.15,17637,20.097672700881958
0.55,0.75,0.37,0.43,0.96,0.91,0.05,0.54,0.14,17970,20.101332902908325
0.55,0.74,0.37,0.44,0.96,0.91,0.05,0.54,0.15,17203,20.105281114578247
0.54,0.74,0.37,0.43,0.96,0.91,0.05,0.54,0.15,17312,20.10986590385437
0.56,0.74,0.37,0.43,0.95,0.91,0.05,0.54,0.15,17727,20.1108078956604
0.55,0.75,0.37,0.43,0.96,0.91,0.05,0.54,0.15,17656,20.113834857940674
0.54,0.74,0.37,0.44,0.96,0.91,0.05,0.54,0.15,16899,20.117802143096924
0.55,0.75,0.37,0.44,0.96,0.91,0.05,0.54,0.15,16692,20.121802806854248
0.55,0.74,0.37,0.44,0.96,0.91,0.05,0.55,0.15,17433,20.12280249595642
0.55,0.74,0.37,0.44,0.97,0.91,0.05,0.54,0.15,17632,20.125802040100098
0.56,0.75,0.37,0.44,0.96,0.91,0.05,0.54,0.15,16817,20.129696369171143
0.55,0.75,0.37,0.44,0.96,0.91,0.05,0.54,0.15,17220,20.13390612602234
0.56,0.74,0.37,0.44,0.96,0.92,0.05,0.54,0.15,17681,20.134812593460083
0.56,0.74,0.37,0.43,0.96,0.91,0.05,0.54,0.14,17540,20.138254642486572
0.56,0.74,0.37,0.43,0.96,0.91,0.05,0.54,0.15,17725,20.14226269721985
0.56,0.74,0.37,0.44,0.96,0.91,0.05,0.55,0.15,17644,20.146255254745483
0.56,0.74,0.37,0.44,0.96,0.91,0.05,0.54,0.15,17633,20.15026092529297
0.55,0.74,0.37,0.44,0.96,0.91,0.05,0.55,0.15,17818,20.15026092529297
0.55,0.74,0.37,0.44,0.96,0.92,0.05,0.54,0.15,17571,20.154298305511475
0.56,0.75,0.37,0.44,0.96,0.91,0.04,0.54,0.15,17452,20.15891122817993
0.55,0.74,0.37,0.44,0.96,0.91,0.05,0.55,0.15,17707,20.162013053894043
0.55,0.74,0.37,0.43,0.96,0.91,0.05,0.54,0.15,17650,20.163012266159058
0.57,0.74,0.37,0.42,0.96,0.91,0.04,0.54,0.15,17587,20.167112112045288
0.55,0.74,0.37,0.43,0.96,0.91,0.05,0.54,0.15,17392,20.17110824584961
0.56,0.74,0.37,0.43,0.97,0.91,0.04,0.54,0.15,17001,20.175156116485596
0.56,0.74,0.37,0.43,0.96,0.91,0.05,0.54,0.15,17200,20.175156116485596
0.56,0.74,0.37,0.43,0.96,0.91,0.05,0.55,0.15,17515,20.1795015335083
0.56,0.75,0.37,0.43,0.96,0.91,0.05,0.54,0.15,17954,20.18336009979248
0.54,0.74,0.36,0.43,0.96,0.91,0.04,0.54,0.15,17809,20.18716025352478
0.55,0.75,0.36,0.44,0.96,0.92,0.04,0.55,0.15,17022,20.18716025352478
0.56,0.75,0.37,0.43,0.96,0.91,0.05,0.54,0.15,16893,20.191220998764038
0.55,0.75,0.36,0.43,0.96,0.91,0.05,0.55,0.15,17214,20.196349143981934
0.55,0.75,0.37,0.43,0.96,0.91,0.05,0.55,0.15,17787,20.200369834899902
0.55,0.75,0.36,0.43,0.96,0.91,0.05,0.55,0.15,17334,20.200369834899902
0.55,0.75,0.36,0.43,0.95,0.91,0.05,0.55,0.15,17409,20.20437002182007
0.55,0.76,0.37,0.43,0.96,0.91,0.04,0.55,0.15,17646,20.20882272720337
0.55,0.74,0.36,0.43,0.96,0.91,0.05,0.55,0.14,17475,20.21232557296753
0.55,0.74,0.36,0.43,0.96,0.91,0.05,0.54,0.15,17014,20.215991020202637
0.55,0.75,0.36,0.43,0.96,0.91,0.05,0.55,0.15,17321,20.215991020202637
0.56,0.75,0.36,0.43,0.96,0.91,0.05,0.55,0.15,17262,20.21997618675232
0.55,0.75,0.36,0.43,0.96,0.91,0.05,0.54,0.15,17447,20.224305152893066
0.55,0.75,0.36,0.43,0.97,0.91,0.04,0.54,0.15,17722,20.2273588180542
0.55,0.75,0.37,0.43,0.96,0.91,0.05,0.54,0.15,17591,20.22835397720337
0.56,0.75,0.37,0.42,0.96,0.91,0.05,0.55,0.15,17052,20.23259711265564
0.56,0.75,0.36,0.43,0.96,0.91,0.04,0.54,0.15,17383,20.236597299575806
0.56,0.75,0.36,0.43,0.96,0.92,0.05,0.54,0.15,17514,20.240597009658813
0.56,0.75,0.36,0.43,0.96,0.91,0.05,0.55,0.15,17629,20.240597009658813
0.55,0.75,0.36,0.43,0.96,0.91,0.05,0.55,0.15,17364,20.244664192199707
0.55,0.75,0.37,0.43,0.96,0.91,0.05,0.55,0.15,17321,20.248724460601807
0.55,0.75,0.37,0.43,0.96,0.91,0.05,0.54,0.15,17120,20.252973794937134
0.55,0.75,0.37,0.43,0.96,0.91,0.05,0.54,0.15,17289,20.254019021987915
0.55,0.75,0.37,0.43,0.97,0.91,0.04,0.54,0.15,17948,20.256394863128662
0.56,0.75,0.37,0.43,0.96,0.91,0.05,0.55,0.15,17857,20.261203289031982
0.56,0.74,0.36,0.44,0.96,0.91,0.05,0.54,0.15,17402,20.265254259109497
0.56,0.75,0.36,0.43,0.96,0.91,0.05,0.54,0.15,17591,20.265254259109497
0.55,0.75,0.36,0.43,0.96,0.91,0.05,0.54,0.15,17354,20.269303798675537
0.54,0.74,0.37,0.43,0.96,0.91,0.05,0.54,0.15,17353,20.273433923721313
0.54,0.74,0.37,0.43,0.97,0.91,0.05,0.54,0.15,17346,20.277526378631592
0.55,0.74,0.37,0.43,0.97,0.91,0.05,0.55,0.15,17181,20.27846097946167
0.55,0.74,0.37,0.44,0.97,0.92,0.05,0.55,0.15,16754,20.281088829040527
0.55,0.74,0.37,0.44,0.96,0.91,0.05,0.55,0.15,17177,20.28614091873169
0.54,0.75,0.37,0.43,0.96,0.91,0.05,0.55,0.15,17710,20.290061473846436
0.54,0.75,0.36,0.43,0.96,0.91,0.05,0.55,0.15,17299,20.293200254440308
0.55,0.75,0.37,0.43,0.96,0.91,0.05,0.54,0.15,17242,20.29424476623535
0.55,0.75,0.37,0.43,0.96,0.92,0.05,0.55,0.15,17365,20.298251152038574
0.55,0.75,0.37,0.43,0.96,0.91,0.05,0.55,0.15,17248,20.30225157737732
0.55,0.75,0.37,0.44,0.96,0.91,0.05,0.55,0.15,17177,20.306272983551025
0.55,0.74,0.37,0.44,0.96,0.92,0.05,0.55,0.15,17074,20.306272983551025
0.55,0.74,0.37,0.43,0.96,0.92,0.04,0.55,0.15,17489,20.310250997543335
0.55,0.75,0.37,0.43,0.96,0.91,0.05,0.54,0.14,17434,20.315309286117554
0.55,0.75,0.36,0.42,0.96,0.92,0.03,0.54,0.15,17381,20.317551374435425
0.55,0.75,0.36,0.42,0.97,0.92,0.05,0.55,0.15,17172,20.318909645080566
0.55,0.75,0.36,0.43,0.96,0.92,0.05,0.55,0.15,17071,20.322312593460083
0.55,0.75,0.36,0.43,0.96,0.92,0.06,0.55,0.15,16990,20.326330184936523
0.55,0.75,0.36,0.43,0.96,0.92,0.05,0.55,0.15,17293,20.330309867858887
0.55,0.75,0.36,0.44,0.96,0.91,0.05,0.54,0.15,17664,20.3313045501709
0.55,0.75,0.36,0.44,0.96,0.92,0.05,0.55,0.15,17443,20.335304498672485
0.55,0.75,0.36,0.44,0.96,0.92,0.05,0.55,0.15,17154,20.339011430740356
0.55,0.75,0.36,0.44,0.97,0.92,0.04,0.55,0.15,17001,20.343456268310547
0.55,0.75,0.36,0.44,0.97,0.92,0.05,0.55,0.15,17070,20.343456268310547
0.55,0.75,0.36,0.44,0.97,0.92,0.05,0.55,0.15,17307,20.347474575042725
0.55,0.75,0.37,0.44,0.97,0.92,0.05,0.55,0.15,17270,20.351474285125732
0.55,0.75,0.36,0.44,0.97,0.92,0.05,0.54,0.15,17803,20.35547423362732
0.55,0.75,0.36,0.44,0.97,0.92,0.05,0.55,0.15,17572,20.35547423362732
0.54,0.75,0.36,0.44,0.96,0.92,0.05,0.55,0.15,17355,20.359474658966064
0.54,0.74,0.36,0.45,0.96,0.92,0.05,0.55,0.15,17548,20.363234758377075
0.54,0.74,0.36,0.44,0.97,0.91,0.04,0.55,0.14,17595,20.367497205734253
0.54,0.75,0.36,0.44,0.97,0.91,0.05,0.55,0.15,17296,20.371699333190918
0.54,0.75,0.36,0.44,0.97,0.91,0.05,0.55,0.15,17229,20.371699333190918
0.55,0.75,0.36,0.43,0.97,0.91,0.05,0.55,0.15,17146,20.37603497505188
0.55,0.75,0.36,0.44,0.97,0.91,0.05,0.55,0.15,17405,20.380051374435425
0.55,0.75,0.36,0.45,0.96,0.9,0.05,0.55,0.15,17506,20.384034872055054
0.54,0.75,0.36,0.44,0.96,0.91,0.05,0.55,0.15,17511,20.384034872055054
0.54,0.75,0.36,0.44,0.97,0.91,0.05,0.55,0.15,17328,20.388953685760498
0.54,0.75,0.36,0.44,0.96,0.91,0.05,0.55,0.15,17219,20.39242959022522
0.54,0.75,0.36,0.45,0.96,0.91,0.05,0.55,0.15,17892,20.396430015563965
0.54,0.75,0.36,0.45,0.96,0.91,0.05,0.55,0.15,17923,20.396430015563965
0.53,0.76,0.36,0.44,0.95,0.91,0.05,0.55,0.15,17388,20.400429725646973
0.54,0.75,0.36,0.44,0.96,0.91,0.05,0.55,0.15,17361,20.404502630233765
0.54,0.76,0.36,0.45,0.96,0.91,0.05,0.56,0.15,17568,20.40895915031433
0.54,0.76,0.37,0.45,0.96,0.91,0.05,0.55,0.15,17971,20.40996527671814
0.54,0.75,0.36,0.45,0.96,0.91,0.05,0.56,0.15,17594,20.412328958511353
0.54,0.75,0.36,0.45,0.96,0.9,0.06,0.56,0.15,17215,20.41748571395874
0.55,0.75,0.36,0.44,0.96,0.91,0.05,0.55,0.15,17716,20.421485424041748
0.55,0.75,0.37,0.44,0.96,0.91,0.04,0.55,0.15,17895,20.421485424041748
0.55,0.75,0.36,0.44,0.97,0.91,0.05,0.55,0.14,17320,20.425946712493896
0.54,0.75,0.36,0.45,0.97,0.91,0.05,0.55,0.15,17335,20.429099798202515
0.55,0.75,0.36,0.44,0.97,0.91,0.05,0.55,0.15,17454,20.432944536209106
0.55,0.75,0.36,0.44,0.97,0.91,0.05,0.56,0.15,17281,20.433977365493774
0.55,0.75,0.36,0.43,0.97,0.91,0.05,0.56,0.15,17348,20.437376976013184
0.54,0.75,0.37,0.44,0.97,0.91,0.05,0.55,0.15,17689,20.441449880599976
0.55,0.75,0.36,0.45,0.97,0.91,0.05,0.55,0.15,17724,20.4454562664032
0.54,0.74,0.36,0.44,0.97,0.91,0.05,0.55,0.15,17641,20.44944977760315
0.55,0.75,0.36,0.45,0.96,0.91,0.05,0.55,0.15,17246,20.44944977760315
0.55,0.75,0.36,0.45,0.96,0.92,0.05,0.55,0.15,17669,20.453680753707886
0.55,0.75,0.36,0.45,0.96,0.92,0.05,0.55,0.15,17566,20.457675218582153
0.55,0.76,0.36,0.45,0.96,0.92,0.05,0.55,0.15,17629,20.461671829223633
0.55,0.76,0.36,0.45,0.96,0.91,0.05,0.55,0.15,17560,20.462685108184814
0.55,0.76,0.36,0.44,0.96,0.92,0.05,0.55,0.14,18109,20.465683221817017
0.55,0.75,0.36,0.44,0.97,0.92,0.05,0.55,0.15,17752,20.46977210044861
0.55,0.76,0.36,0.45,0.96,0.92,0.05,0.55,0.15,17013,20.47371816635132
0.55,0.76,0.36,0.45,0.96,0.92,0.05,0.55,0.15,17340,20.474730253219604
0.55,0.76,0.36,0.45,0.96,0.92,0.05,0.55,0.15,17987,20.478736400604248
0.55,0.76,0.36,0.45,0.97,0.92,0.05,0.55,0.15,17522,20.48276448249817
0.55,0.76,0.36,0.44,0.96,0.92,0.04,0.55,0.15,17187,20.486536264419556
0.55,0.76,0.36,0.45,0.97,0.92,0.05,0.55,0.15,17262,20.486536264419556
0.55,0.76,0.37,0.45,0.97,0.92,0.05,0.55,0.16,17499,20.49031949043274
0.55,0.76,0.36,0.44,0.97,0.91,0.05,0.55,0.15,17550,20.494316816329956
0.56,0.76,0.36,0.45,0.96,0.92,0.05,0.55,0.15,17461,20.498319625854492
0.56,0.76,0.37,0.44,0.97,0.92,0.05,0.55,0.15,17684,20.49933099746704
0.56,0.76,0.37,0.44,0.96,0.92,0.05,0.55,0.15,17795,20.502405166625977
0.56,0.76,0.37,0.44,0.97,0.92,0.05,0.55,0.16,17662,20.5065495967865
0.56,0.76,0.37,0.44,0.97,0.92,0.05,0.55,0.15,17691,20.51058006286621
0.56,0.76,0.36,0.44,0.96,0.92,0.04,0.55,0.15,17624,20.51189374923706
0.56,0.76,0.37,0.44,0.96,0.92,0.05,0.55,0.16,17303,20.514898538589478
0.57,0.76,0.37,0.44,0.96,0.91,0.04,0.55,0.16,17224,20.518898010253906
0.57,0.76,0.37,0.44,0.96,0.92,0.05,0.55,0.15,17821,20.52288842201233
0.57,0.77,0.37,0.44,0.96,0.92,0.05,0.55,0.15,17120,20.52389359474182
0.57,0.76,0.37,0.44,0.97,0.91,0.05,0.55,0.15,17031,20.526951551437378
0.56,0.76,0.37,0.44,0.97,0.92,0.05,0.55,0.15,17396,20.531999826431274
0.56,0.76,0.37,0.44,0.97,0.92,0.05,0.55,0.15,17227,20.535969734191895
0.56,0.76,0.37,0.44,0.97,0.92,0.05,0.54,0.15,17290,20.53912591934204
0.57,0.76,0.37,0.44,0.96,0.92,0.04,0.55,0.15,17483,20.540125846862793
0.57,0.76,0.37,0.44,0.96,0.92,0.05,0.54,0.15,17812,20.543129920959473
0.56,0.76,0.37,0.44,0.97,0.92,0.05,0.54,0.15,17719,20.548126459121704
0.56,0.77,0.37,0.43,0.97,0.92,0.05,0.54,0.15,17424,20.55212640762329
0.57,0.77,0.37,0.44,0.96,0.92,0.05,0.55,0.15,17795,20.55212640762329
0.56,0.77,0.37,0.44,0.96,0.92,0.05,0.54,0.15,17998,20.556122303009033
0.56,0.76,0.37,0.44,0.96,0.92,0.05,0.54,0.15,17571,20.560320377349854
0.57,0.77,0.38,0.44,0.96,0.92,0.04,0.55,0.15,17580,20.564137935638428
0.56,0.76,0.37,0.44,0.97,0.92,0.05,0.55,0.15,17445,20.565154552459717
0.56,0.76,0.37,0.44,0.97,0.92,0.05,0.55,0.15,17462,20.568498373031616
0.57,0.76,0.37,0.44,0.97,0.92,0.05,0.55,0.15,17357,20.572505474090576
0.57,0.76,0.37,0.44,0.96,0.92,0.05,0.55,0.15,17282,20.57658839225769
0.56,0.76,0.38,0.44,0.97,0.92,0.05,0.55,0.16,17789,20.57658839225769
0.56,0.76,0.37,0.44,0.97,0.92,0.05,0.55,0.15,17818,20.58058452606201
0.57,0.76,0.37,0.44,0.97,0.92,0.04,0.55,0.15,17539,20.58458685874939
0.56,0.76,0.37,0.44,0.97,0.92,0.05,0.55,0.15,17438,20.58773922920227
0.56,0.76,0.37,0.44,0.97,0.92,0.04,0.55,0.15,16995,20.58927631378174
0.56,0.75,0.37,0.44,0.97,0.92,0.05,0.55,0.15,17110,20.59343147277832
0.56,0.75,0.37,0.44,0.97,0.92,0.05,0.55,0.15,17873,20.596524715423584
0.56,0.76,0.37,0.43,0.98,0.92,0.05,0.55,0.15,17620,20.6017644405365
0.55,0.76,0.37,0.43,0.97,0.92,0.05,0.55,0.15,17521,20.6017644405365
0.56,0.75,0.38,0.43,0.97,0.92,0.05,0.55,0.15,17794,20.605763912200928
0.56,0.75,0.37,0.44,0.97,0.92,0.05,0.54,0.15,17823,20.60897946357727
0.56,0.75,0.37,0.44,0.98,0.92,0.05,0.54,0.15,17888,20.61297297477722
0.56,0.75,0.38,0.44,0.97,0.92,0.05,0.55,0.15,17677,20.617411375045776
0.57,0.75,0.37,0.45,0.97,0.92,0.05,0.55,0.15,17374,20.617411375045776
0.56,0.75,0.37,0.44,0.97,0.92,0.04,0.55,0.15,17223,20.621926307678223
0.57,0.75,0.37,0.45,0.98,0.92,0.05,0.55,0.15,17622,20.626283407211304
0.56,0.76,0.38,0.44,0.98,0.92,0.05,0.55,0.15,18111,20.630295276641846
0.56,0.75,0.37,0.44,0.98,0.92,0.05,0.54,0.15,17490,20.630295276641846
0.56,0.75,0.37,0.44,0.98,0.92,0.05,0.55,0.15,17263,20.634283781051636
0.56,0.75,0.38,0.44,0.98,0.92,0.05,0.54,0.15,17424,20.638259172439575
0.57,0.75,0.38,0.44,0.98,0.92,0.05,0.54,0.15,17431,20.642050743103027
0.56,0.75,0.37,0.44,0.98,0.92,0.05,0.54,0.15,17086,20.64318084716797
0.57,0.75,0.38,0.44,0.98,0.92,0.05,0.54,0.15,17271,20.646663904190063
0.57,0.75,0.37,0.45,0.98,0.91,0.06,0.54,0.15,17852,20.650636911392212
0.56,0.76,0.37,0.44,0.98,0.92,0.05,0.55,0.15,17967,20.6546368598938
0.57,0.75,0.37,0.45,0.98,0.92,0.05,0.54,0.15,17762,20.6546368598938
0.56,0.75,0.37,0.44,0.98,0.92,0.05,0.54,0.15,17583,20.658636808395386
0.57,0.75,0.37,0.44,0.98,0.92,0.05,0.54,0.15,17466,20.662749767303467
0.56,0.75,0.37,0.43,0.98,0.92,0.05,0.54,0.15,17453,20.667208194732666
0.57,0.75,0.37,0.44,0.99,0.92,0.05,0.54,0.15,17484,20.667208194732666
0.57,0.75,0.37,0.44,0.98,0.91,0.05,0.54,0.16,17599,20.670380353927612
0.57,0.74,0.37,0.44,0.98,0.92,0.04,0.55,0.15,17664,20.67579460144043
0.57,0.74,0.37,0.44,0.98,0.92,0.05,0.55,0.15,17909,20.679866313934326
0.57,0.74,0.38,0.44,0.98,0.92,0.05,0.55,0.15,17998,20.682403326034546
0.57,0.74,0.37,0.44,0.98,0.92,0.05,0.54,0.15,17401,20.683449029922485
0.57,0.74,0.38,0.44,0.98,0.92,0.05,0.54,0.15,17840,20.686556100845337
0.57,0.74,0.38,0.44,0.98,0.91,0.05,0.54,0.15,17809,20.691957235336304
0.57,0.74,0.38,0.44,0.99,0.92,0.05,0.55,0.15,17366,20.695255994796753
0.56,0.74,0.38,0.43,0.98,0.92,0.05,0.54,0.16,17573,20.695942878723145
0.56,0.75,0.38,0.43,0.98,0.92,0.05,0.54,0.15,17502,20.699323654174805
0.57,0.75,0.38,0.44,0.98,0.92,0.05,0.54,0.15,17411,20.704740524291992
0.56,0.75,0.37,0.43,0.98,0.92,0.05,0.54,0.15,17698,20.706899642944336
0.56,0.75,0.37,0.43,0.98,0.92,0.05,0.55,0.15,17491,20.707951545715332
0.56,0.75,0.38,0.44,0.98,0.92,0.05,0.55,0.15,17734,20.712666034698486
0.56,0.75,0.37,0.44,0.98,0.92,0.05,0.54,0.15,17799,20.716763257980347
0.57,0.75,0.38,0.44,0.98,0.92,0.05,0.54,0.15,17768,20.72034788131714
0.57,0.75,0.37,0.43,0.98,0.92,0.05,0.54,0.16,17581,20.721300840377808
0.57,0.75,0.37,0.42,0.99,0.92,0.05,0.55,0.16,17320,20.724374294281006
0.56,0.75,0.37,0.44,0.98,0.92,0.05,0.55,0.16,17523,20.727407693862915
0.57,0.75,0.37,0.44,0.98,0.92,0.05,0.54,0.15,17764,20.732722520828247
0.57,0.75,0.38,0.44,0.98,0.92,0.05,0.54,0.15,17875,20.732722520828247
0.56,0.75,0.38,0.44,0.98,0.92,0.05,0.54,0.15,17778,20.736721515655518
0.56,0.75,0.38,0.44,0.98,0.92,0.05,0.54,0.16,17803,20.74081826210022
0.56,0.75,0.38,0.44,0.98,0.92,0.05,0.54,0.15,17970,20.744467735290527
0.56,0.75,0.38,0.44,0.98,0.92,0.05,0.55,0.16,17727,20.748507738113403
0.56,0.75,0.38,0.44,0.98,0.91,0.04,0.54,0.15,17386,20.749496459960938
0.56,0.75,0.38,0.44,0.98,0.91,0.05,0.54,0.16,17507,20.753494024276733
0.56,0.75,0.38,0.44,0.98,0.91,0.05,0.54,0.16,17430,20.7579345703125
0.55,0.75,0.38,0.44,0.99,0.91,0.05,0.54,0.15,17153,20.761006355285645
0.56,0.75,0.38,0.45,0.98,0.91,0.05,0.54,0.16,17276,20.761006355285645
0.56,0.75,0.38,0.45,0.98,0.91,0.05,0.54,0.16,17391,20.765893936157227
0.56,0.75,0.38,0.45,0.98,0.91,0.05,0.54,0.16,17558,20.769307136535645
0.56,0.75,0.38,0.44,0.99,0.91,0.05,0.55,0.16,17641,20.772282361984253
0.57,0.75,0.38,0.45,0.99,0.91,0.05,0.55,0.15,17382,20.77328324317932
0.57,0.75,0.38,0.45,0.99,0.91,0.05,0.54,0.16,16929,20.776617527008057
0.56,0.75,0.38,0.45,0.99,0.91,0.05,0.54,0.15,16800,20.781617641448975
0.56,0.75,0.38,0.45,0.99,0.91,0.05,0.54,0.16,16915,20.785906076431274
0.57,0.75,0.38,0.44,0.99,0.91,0.05,0.54,0.16,17222,20.785906076431274
0.56,0.75,0.38,0.45,0.99,0.91,0.04,0.54,0.16,17457,20.788561820983887
0.56,0.75,0.38,0.44,0.99,0.92,0.05,0.54,0.15,17546,20.793163776397705
0.56,0.75,0.38,0.45,0.99,0.91,0.05,0.54,0.16,17337,20.798227787017822
0.57,0.75,0.38,0.45,0.98,0.92,0.05,0.55,0.16,17242,20.798227787017822
0.56,0.75,0.38,0.44,0.99,0.91,0.05,0.55,0.16,17119,20.80222797393799
0.56,0.75,0.38,0.45,0.98,0.91,0.05,0.55,0.15,17098,20.806462049484253
0.56,0.75,0.38,0.45,0.99,0.91,0.05,0.55,0.16,17637,20.80954623222351
0.56,0.75,0.38,0.46,0.99,0.91,0.05,0.54,0.16,17718,20.810437440872192
0.56,0.75,0.38,0.45,0.98,0.91,0.05,0.54,0.16,17739,20.814014196395874
0.56,0.75,0.38,0.45,0.98,0.91,0.05,0.54,0.16,17820,20.81817102432251
0.56,0.75,0.38,0.45,0.99,0.92,0.05,0.54,0.15,17939,20.822253704071045
0.56,0.75,0.38,0.45,0.98,0.92,0.05,0.54,0.16,17466,20.826291799545288
0.56,0.75,0.38,0.46,0.98,0.92,0.05,0.54,0.16,17333,20.8268404006958
0.56,0.75,0.38,0.45,0.98,0.92,0.04,0.54,0.16,17518,20.830971717834473
0.56,0.75,0.38,0.44,0.98,0.92,0.05,0.54,0.16,17461,20.834956884384155
0.56,0.75,0.38,0.44,0.98,0.92,0.04,0.54,0.16,17096,20.838263273239136
0.56,0.75,0.38,0.45,0.98,0.92,0.05,0.54,0.16,17351,20.83897304534912
0.56,0.75,0.38,0.44,0.98,0.92,0.05,0.54,0.16,17306,20.843636751174927
0.56,0.75,0.38,0.44,0.98,0.92,0.06,0.54,0.17,17431,20.84800434112549
0.56,0.75,0.38,0.44,0.98,0.91,0.06,0.55,0.16,17480,20.850701570510864
0.56,0.75,0.38,0.44,0.98,0.92,0.05,0.54,0.16,16997,20.85174584388733
0.56,0.75,0.38,0.45,0.98,0.91,0.06,0.55,0.16,16910,20.855749368667603
0.57,0.75,0.38,0.43,0.98,0.92,0.06,0.54,0.17,17331,20.859748601913452
0.56,0.75,0.38,0.44,0.99,0.91,0.06,0.55,0.16,17404,20.863040447235107
0.56,0.75,0.38,0.44,0.98,0.91,0.06,0.54,0.16,17167,20.863749265670776
0.57,0.75,0.38,0.44,0.98,0.92,0.06,0.54,0.16,17302,20.867319345474243
0.57,0.75,0.38,0.44,0.99,0.92,0.06,0.54,0.17,17469,20.871864318847656
0.56,0.75,0.38,0.44,0.99,0.92,0.06,0.54,0.16,17450,20.87702989578247
0.57,0.75,0.38,0.43,0.98,0.92,0.06,0.54,0.16,17475,20.87702989578247
0.57,0.75,0.38,0.44,0.98,0.92,0.06,0.54,0.17,17672,20.880611419677734
0.58,0.75,0.38,0.43,0.97,0.92,0.06,0.54,0.17,17489,20.883625984191895
0.57,0.75,0.38,0.44,0.97,0.92,0.06,0.54,0.17,17296,20.887922048568726
0.58,0.75,0.38,0.44,0.98,0.92,0.05,0.53,0.16,17281,20.891607761383057
0.58,0.74,0.38,0.44,0.98,0.91,0.06,0.54,0.16,17322,20.892308235168457
0.58,0.76,0.38,0.44,0.98,0.91,0.06,0.54,0.17,17163,20.896199941635132
0.58,0.75,0.38,0.44,0.98,0.92,0.06,0.53,0.16,17122,20.900762796401978
0.58,0.74,0.38,0.45,0.98,0.92,0.06,0.54,0.16,17295,20.90380620956421
0.58,0.75,0.38,0.43,0.97,0.93,0.06,0.54,0.16,17540,20.90380620956421
0.57,0.74,0.38,0.45,0.97,0.93,0.06,0.54,0.17,17295,20.908873319625854
0.58,0.75,0.38,0.44,0.97,0.92,0.06,0.54,0.17,16974,20.91287326812744
0.58,0.75,0.38,0.44,0.97,0.93,0.06,0.54,0.17,17461,20.916147470474243
0.58,0.74,0.38,0.44,0.98,0.93,0.06,0.54,0.17,17500,20.916873693466187
0.58,0.75,0.38,0.44,0.97,0.92,0.06,0.54,0.16,17577,20.920873403549194
0.57,0.74,0.38,0.44,0.97,0.92,0.06,0.54,0.17,17900,20.92504644393921
0.58,0.75,0.38,0.44,0.98,0.93,0.05,0.54,0.16,17863,20.928155183792114
0.58,0.75,0.38,0.44,0.98,0.93,0.06,0.54,0.16,17818,20.929152250289917
0.58,0.75,0.38,0.44,0.98,0.93,0.06,0.54,0.16,17565,20.933239221572876
0.57,0.75,0.38,0.44,0.98,0.92,0.05,0.54,0.16,17450,20.93723750114441
0.57,0.74,0.38,0.44,0.97,0.93,0.06,0.54,0.16,17189,20.94132423400879
0.57,0.75,0.38,0.44,0.98,0.93,0.06,0.54,0.16,17282,20.94132423400879
0.57,0.75,0.37,0.44,0.98,0.93,0.06,0.54,0.16,17483,20.945303440093994
0.58,0.75,0.38,0.44,0.98,0.93,0.06,0.54,0.16,17474,20.94969916343689
0.58,0.75,0.38,0.44,0.98,0.92,0.06,0.54,0.16,17615,20.953891038894653
0.57,0.75,0.38,0.44,0.98,0.92,0.06,0.54,0.16,17614,20.957359075546265
0.57,0.76,0.38,0.45,0.98,0.93,0.06,0.54,0.17,17101,20.95788860321045
0.57,0.75,0.38,0.44,0.98,0.92,0.06,0.54,0.16,17236,20.9620144367218
0.57,0.75,0.38,0.44,0.98,0.92,0.05,0.54,0.16,17467,20.966355562210083
0.58,0.75,0.38,0.44,0.98,0.92,0.06,0.54,0.16,17272,20.96976375579834
0.57,0.75,0.38,0.44,0.98,0.92,0.05,0.54,0.16,17413,20.97043251991272
0.57,0.76,0.38,0.44,0.98,0.92,0.06,0.54,0.17,17570,20.974831104278564
0.57,0.76,0.38,0.44,0.98,0.92,0.06,0.54,0.16,17695,20.978845834732056
0.57,0.76,0.38,0.44,0.98,0.92,0.06,0.54,0.16,17650,20.98186469078064
0.57,0.76,0.38,0.44,0.98,0.92,0.06,0.54,0.16,17583,20.98186469078064
0.57,0.76,0.38,0.44,0.98,0.92,0.05,0.54,0.17,17536,20.9868643283844
0.57,0.75,0.38,0.43,0.98,0.92,0.06,0.54,0.16,17615,20.990906238555908
0.57,0.75,0.38,0.44,0.98,0.92,0.06,0.54,0.16,17588,20.99430751800537
0.56,0.76,0.38,0.43,0.99,0.93,0.06,0.54,0.16,17295,20.995081901550293
0.57,0.75,0.38,0.44,0.99,0.93,0.06,0.54,0.16,17402,20.998698472976685
0.57,0.76,0.37,0.43,0.98,0.92,0.06,0.54,0.16,17431,21.00310444831848
0.58,0.75,0.38,0.44,0.98,0.92,0.06,0.54,0.16,18032,21.0070743560791
0.57,0.75,0.38,0.43,0.98,0.93,0.06,0.54,0.16,17937,21.0070743560791
0.57,0.76,0.38,0.43,0.98,0.92,0.06,0.54,0.16,17154,21.01057767868042
0.56,0.75,0.38,0.43,0.98,0.92,0.05,0.54,0.16,17077,21.01563024520874
0.57,0.76,0.38,0.43,0.97,0.92,0.06,0.54,0.16,17760,21.019129753112793
0.57,0.76,0.38,0.44,0.98,0.92,0.06,0.55,0.16,17585,21.020102500915527
0.57,0.76,0.38,0.43,0.98,0.92,0.06,0.54,0.16,17730,21.023353576660156
0.58,0.76,0.38,0.44,0.98,0.92,0.06,0.54,0.17,17361,21.027400255203247
0.57,0.76,0.38,0.44,0.99,0.92,0.06,0.54,0.16,17040,21.031362533569336
0.57,0.75,0.38,0.43,0.98,0.92,0.06,0.55,0.16,17287,21.03521418571472
0.57,0.75,0.38,0.43,0.98,0.92,0.06,0.54,0.16,17624,21.035764694213867
0.57,0.76,0.38,0.43,0.98,0.92,0.06,0.54,0.16,17993,21.03950047492981
0.57,0.76,0.38,0.43,0.98,0.93,0.06,0.54,0.16,17910,21.043901681900024
0.57,0.75,0.38,0.43,0.98,0.92,0.05,0.55,0.16,17749,21.047181129455566
0.57,0.75,0.38,0.43,0.98,0.93,0.06,0.54,0.17,17394,21.047181129455566
0.57,0.75,0.37,0.43,0.98,0.92,0.06,0.55,0.16,17479,21.051661252975464
0.57,0.75,0.38,0.44,0.98,0.92,0.05,0.54,0.16,17402,21.055895566940308
0.58,0.75,0.38,0.44,0.98,0.93,0.06,0.54,0.17,17339,21.05990219116211
0.58,0.75,0.38,0.43,0.98,0.92,0.05,0.54,0.16,17680,21.05990219116211
0.57,0.75,0.38,0.43,0.98,0.92,0.05,0.54,0.16,17911,21.063081741333008
0.57,0.75,0.38,0.43,0.98,0.92,0.06,0.54,0.16,17712,21.067792892456055
0.57,0.75,0.38,0.43,0.98,0.92,0.06,0.54,0.16,17269,21.072268962860107
0.57,0.75,0.38,0.43,0.98,0.93,0.06,0.54,0.16,17324,21.072268962860107
0.57,0.75,0.37,0.42,0.98,0.93,0.06,0.54,0.16,17483,21.076313018798828
0.57,0.75,0.38,0.43,0.98,0.92,0.05,0.54,0.17,17468,21.080281496047974
0.57,0.75,0.37,0.42,0.98,0.93,0.05,0.54,0.16,17573,21.084280729293823
0.57,0.76,0.38,0.42,0.98,0.93,0.06,0.54,0.16,17756,21.084280729293823
0.57,0.75,0.37,0.42,0.98,0.92,0.06,0.54,0.16,17687,21.088436603546143
0.57,0.75,0.38,0.42,0.98,0.92,0.06,0.54,0.16,17440,21.092431783676147
0.56,0.75,0.38,0.43,0.98,0.93,0.06,0.55,0.16,17321,21.09640669822693
0.57,0.75,0.38,0.43,0.98,0.92,0.06,0.54,0.16,17544,21.10082459449768
0.57,0.75,0.38,0.42,0.98,0.92,0.06,0.55,0.16,17463,21.101881742477417
0.57,0.76,0.38,0.42,0.98,0.92,0.06,0.55,0.16,17724,21.10487461090088
0.58,0.76,0.38,0.42,0.98,0.93,0.06,0.55,0.17,17287,21.109898567199707
0.58,0.75,0.38,0.42,0.98,0.93,0.06,0.54,0.16,17156,21.113062620162964
0.58,0.75,0.38,0.42,0.98,0.92,0.06,0.55,0.16,17251,21.113879919052124
0.58,0.75,0.38,0.42,0.98,0.92,0.06,0.55,0.16,17434,21.116785287857056
0.58,0.76,0.38,0.43,0.98,0.92,0.06,0.55,0.16,17473,21.121707439422607
0.58,0.75,0.38,0.42,0.98,0.92,0.06,0.55,0.16,17390,21.124995231628418
0.58,0.76,0.38,0.42,0.98,0.92,0.06,0.54,0.16,17343,21.125707626342773
0.57,0.76,0.38,0.43,0.98,0.92,0.05,0.54,0.17,17774,21.12969183921814
0.57,0.76,0.37,0.44,0.98,0.93,0.06,0.55,0.16,17745,21.13428258895874
0.57,0.76,0.37,0.43,0.98,0.93,0.05,0.54,0.16,17596,21.13737177848816
0.56,0.76,0.37,0.43,0.98,0.93,0.06,0.55,0.16,17567,21.13737177848816
0.57,0.76,0.37,0.43,0.98,0.93,0.06,0.55,0.16,17588,21.141459941864014
0.57,0.76,0.37,0.43,0.98,0.93,0.06,0.54,0.16,17707,21.145374536514282
0.57,0.75,0.38,0.43,0.98,0.93,0.06,0.54,0.16,17554,21.14984679222107
0.57,0.76,0.38,0.43,0.98,0.93,0.05,0.55,0.16,17251,21.15062689781189
0.57,0.76,0.38,0.43,0.98,0.93,0.05,0.54,0.16,17144,21.15418529510498
0.57,0.76,0.37,0.42,0.98,0.93,0.05,0.55,0.16,17251,21.159181833267212
0.57,0.75,0.38,0.43,0.98,0.93,0.06,0.54,0.16,17282,21.162286043167114
0.57,0.76,0.37,0.43,0.98,0.93,0.05,0.55,0.16,17177,21.163177728652954
0.57,0.76,0.38,0.43,0.98,0.93,0.06,0.55,0.16,16908,21.166256189346313
0.57,0.76,0.38,0.43,0.98,0.93,0.06,0.55,0.16,17007,21.171324729919434
0.58,0.76,0.38,0.43,0.98,0.93,0.06,0.55,0.16,17472,21.17497229576111
0.57,0.76,0.38,0.43,0.98,0.93,0.06,0.55,0.16,17381,21.178558588027954
0.57,0.76,0.37,0.44,0.98,0.92,0.06,0.55,0.16,17182,21.1793954372406
0.58,0.76,0.38,0.44,0.98,0.93,0.06,0.55,0.16,17285,21.18279480934143
0.57,0.76,0.38,0.44,0.98,0.93,0.06,0.55,0.16,17298,21.186845302581787
0.57,0.75,0.37,0.44,0.98,0.92,0.06,0.55,0.16,17413,21.190860748291016
0.57,0.76,0.37,0.44,0.98,0.92,0.06,0.55,0.16,17374,21.19137215614319
0.57,0.76,0.38,0.44,0.98,0.92,0.06,0.55,0.16,17367,21.195769786834717
0.57,0.76,0.37,0.44,0.98,0.92,0.06,0.55,0.16,17236,21.199769496917725
0.57,0.76,0.37,0.44,0.98,0.93,0.06,0.55,0.16,17595,21.202266216278076
0.57,0.76,0.37,0.44,0.98,0.92,0.06,0.55,0.16,16798,21.20327877998352
0.57,0.76,0.37,0.44,0.98,0.93,0.06,0.55,0.16,16645,21.207448959350586
0.57,0.76,0.37,0.44,0.98,0.92,0.06,0.55,0.17,16868,21.2114474773407
0.57,0.76,0.37,0.44,0.98,0.93,0.06,0.55,0.16,17159,21.215779542922974
0.57,0.76,0.37,0.45,0.98,0.93,0.06,0.55,0.16,17420,21.215779542922974
0.58,0.76,0.37,0.44,0.98,0.93,0.06,0.55,0.16,17443,21.219114303588867
0.56,0.76,0.37,0.44,0.98,0.93,0.05,0.55,0.16,17684,21.224129915237427
0.57,0.76,0.37,0.44,0.98,0.93,0.06,0.55,0.17,17757,21.228148460388184
0.57,0.76,0.37,0.44,0.98,0.92,0.06,0.55,0.16,17530,21.228148460388184
0.57,0.76,0.37,0.44,0.98,0.92,0.06,0.55,0.16,17603,21.23217248916626
0.57,0.76,0.37,0.43,0.98,0.92,0.06,0.55,0.17,18142,21.23717212677002
0.57,0.76,0.37,0.44,0.98,0.93,0.06,0.55,0.16,18037,21.240160942077637
0.58,0.76,0.37,0.44,0.98,0.92,0.06,0.55,0.16,17562,21.244098901748657
0.58,0.76,0.37,0.45,0.99,0.92,0.06,0.55,0.16,17927,21.244098901748657
0.58,0.76,0.37,0.43,0.98,0.93,0.06,0.55,0.17,17674,21.248812913894653
0.57,0.76,0.37,0.44,0.98,0.93,0.06,0.55,0.16,17145,21.25286030769348
0.58,0.77,0.37,0.44,0.98,0.93,0.06,0.55,0.17,16888,21.25616431236267
0.57,0.77,0.37,0.44,0.98,0.93,0.06,0.55,0.17,17049,21.25686025619507
0.57,0.76,0.37,0.44,0.98,0.93,0.05,0.55,0.17,17184,21.260430097579956
0.57,0.76,0.37,0.44,0.98,0.92,0.06,0.55,0.17,17071,21.264713287353516
0.57,0.76,0.37,0.44,0.98,0.93,0.06,0.55,0.16,17158,21.268860578536987
0.57,0.77,0.37,0.44,0.98,0.93,0.06,0.55,0.17,17541,21.268860578536987
0.57,0.77,0.37,0.44,0.98,0.93,0.06,0.55,0.16,17598,21.27248740196228
0.57,0.77,0.37,0.44,0.98,0.93,0.06,0.55,0.16,17303,21.276889085769653
0.57,0.77,0.37,0.44,0.98,0.93,0.06,0.55,0.16,17240,21.281044960021973
0.57,0.77,0.37,0.44,0.97,0.93,0.06,0.55,0.16,17529,21.281891345977783
0.57,0.77,0.37,0.44,0.98,0.93,0.06,0.56,0.16,17932,21.285995960235596
0.57,0.77,0.37,0.44,0.97,0.93,0.06,0.55,0.16,17939,21.289992332458496
0.56,0.77,0.37,0.44,0.97,0.93,0.06,0.55,0.16,17770,21.29287552833557
0.57,0.77,0.37,0.44,0.98,0.93,0.06,0.55,0.16,17919,21.29287552833557
0.57,0.78,0.37,0.44,0.98,0.93,0.06,0.55,0.16,18028,21.297868013381958
0.57,0.77,0.37,0.44,0.98,0.93,0.06,0.55,0.16,18035,21.301900148391724
0.57,0.77,0.37,0.44,0.98,0.92,0.07,0.55,0.17,17612,21.305633544921875
0.56,0.78,0.36,0.44,0.97,0.93,0.07,0.55,0.17,17337,21.308679819107056
0.56,0.77,0.37,0.44,0.97,0.93,0.07,0.55,0.17,17442,21.309828281402588
0.56,0.78,0.37,0.43,0.98,0.93,0.08,0.56,0.17,17573,21.313835620880127
0.56,0.77,0.37,0.43,0.98,0.93,0.08,0.55,0.17,17206,21.31786847114563
0.56,0.77,0.37,0.44,0.98,0.93,0.08,0.55,0.17,17395,21.321675539016724
0.57,0.77,0.37,0.43,0.98,0.93,0.08,0.55,0.17,17344,21.321675539016724
0.57,0.77,0.37,0.43,0.98,0.93,0.07,0.56,0.17,17571,21.32574772834778
0.56,0.77,0.37,0.43,0.98,0.93,0.08,0.56,0.17,17794,21.33003258705139
0.57,0.77,0.36,0.43,0.98,0.93,0.07,0.56,0.17,18033,21.334028482437134
0.57,0.78,0.37,0.44,0.98,0.93,0.07,0.55,0.16,17590,21.33502745628357
0.56,0.78,0.37,0.43,0.97,0.93,0.08,0.55,0.17,17077,21.338027715682983
0.57,0.77,0.36,0.43,0.97,0.93,0.08,0.55,0.17,17450,21.34239149093628
0.57,0.77,0.37,0.44,0.98,0.93,0.07,0.55,0.17,17427,21.34637141227722
0.56,0.77,0.37,0.44,0.98,0.93,0.08,0.55,0.17,17314,21.34637141227722
0.57,0.78,0.37,0.44,0.98,0.93,0.07,0.55,0.17,16931,21.35037612915039
0.57,0.77,0.37,0.43,0.98,0.93,0.08,0.55,0.17,17212,21.35537576675415
0.56,0.77,0.37,0.44,0.98,0.93,0.08,0.55,0.17,17363,21.3589608669281
0.56,0.77,0.37,0.44,0.98,0.93,0.08,0.55,0.17,17346,21.3589608669281
0.56,0.77,0.37,0.44,0.98,0.93,0.07,0.55,0.17,17309,21.36259365081787
0.57,0.77,0.37,0.44,0.99,0.93,0.08,0.55,0.17,17090,21.36708641052246
0.56,0.78,0.37,0.43,0.99,0.93,0.08,0.55,0.17,17299,21.371160984039307
0.57,0.77,0.37,0.44,0.99,0.93,0.07,0.55,0.17,17522,21.372132062911987
0.57,0.77,0.37,0.44,0.99,0.93,0.08,0.55,0.17,17817,21.37613296508789
0.57,0.77,0.36,0.44,0.98,0.93,0.08,0.55,0.17,17526,21.380175828933716
0.56,0.78,0.36,0.44,0.98,0.93,0.08,0.55,0.17,17303,21.3836510181427
0.57,0.77,0.37,0.44,0.97,0.93,0.08,0.55,0.17,17104,21.38746738433838
0.57,0.77,0.37,0.44,0.98,0.93,0.08,0.55,0.17,16907,21.38746738433838
0.57,0.78,0.36,0.45,0.98,0.93,0.08,0.55,0.17,17428,21.391944408416748
0.57,0.78,0.36,0.45,0.98,0.93,0.08,0.55,0.17,17819,21.39552092552185
0.57,0.78,0.36,0.44,0.97,0.93,0.08,0.55,0.17,17688,21.399299383163452
0.56,0.78,0.36,0.44,0.97,0.93,0.08,0.56,0.17,17017,21.40027952194214
0.58,0.78,0.37,0.44,0.97,0.94,0.08,0.55,0.17,17090,21.404221057891846
0.57,0.77,0.36,0.44,0.97,0.93,0.08,0.55,0.17,17629,21.408616542816162
0.57,0.78,0.37,0.44,0.97,0.93,0.09,0.56,0.17,17922,21.41194987297058
0.57,0.78,0.37,0.45,0.97,0.93,0.08,0.56,0.17,17867,21.412616729736328
0.58,0.77,0.37,0.44,0.97,0.93,0.08,0.55,0.17,17306,21.416616678237915
0.57,0.77,0.37,0.44,0.97,0.93,0.08,0.56,0.17,17461,21.42072558403015
0.57,0.77,0.37,0.44,0.98,0.93,0.08,0.55,0.17,17896,21.4246985912323
0.57,0.78,0.37,0.44,0.97,0.93,0.08,0.56,0.17,17863,21.4246985912323
0.57,0.78,0.37,0.44,0.97,0.93,0.08,0.56,0.17,17830,21.428305864334106
0.56,0.77,0.37,0.44,0.97,0.93,0.08,0.56,0.17,17651,21.432320594787598
0.57,0.77,0.37,0.44,0.97,0.93,0.08,0.55,0.17,17554,21.43645215034485
0.57,0.77,0.37,0.44,0.97,0.93,0.08,0.56,0.17,17585,21.437499284744263
0.57,0.77,0.37,0.44,0.97,0.93,0.08,0.56,0.17,17288,21.441495895385742
0.57,0.77,0.37,0.44,0.97,0.93,0.08,0.55,0.17,17395,21.44507336616516
0.57,0.77,0.37,0.44,0.97,0.93,0.08,0.56,0.17,17690,21.449172496795654
0.57,0.78,0.37,0.44,0.97,0.93,0.08,0.56,0.17,17459,21.449172496795654
0.56,0.77,0.37,0.44,0.97,0.93,0.08,0.55,0.17,17070,21.452781200408936
0.57,0.77,0.37,0.44,0.97,0.93,0.09,0.55,0.17,17231,21.45775079727173
0.57,0.78,0.37,0.43,0.97,0.93,0.08,0.55,0.17,17730,21.461462259292603
0.57,0.78,0.37,0.45,0.97,0.93,0.08,0.56,0.17,17791,21.464812517166138
0.57,0.77,0.37,0.44,0.97,0.93,0.08,0.55,0.17,17358,21.465844869613647
0.57,0.77,0.37,0.44,0.97,0.93,0.08,0.56,0.17,17159,21.469845056533813
0.57,0.77,0.37,0.44,0.97,0.93,0.08,0.55,0.17,17144,21.4738450050354
0.57,0.78,0.37,0.44,0.97,0.93,0.08,0.56,0.17,17097,21.477907419204712
0.57,0.78,0.37,0.44,0.97,0.93,0.08,0.55,0.17,17318,21.478938579559326
0.58,0.78,0.38,0.44,0.97,0.93,0.08,0.56,0.17,17103,21.4819393157959
0.57,0.78,0.37,0.44,0.97,0.93,0.08,0.55,0.17,17148,21.486260414123535
0.57,0.78,0.37,0.45,0.98,0.93,0.08,0.56,0.17,17195,21.48997163772583
0.57,0.78,0.37,0.45,0.97,0.93,0.09,0.55,0.17,17448,21.49101495742798
0.57,0.78,0.38,0.44,0.98,0.93,0.08,0.56,0.17,17535,21.494643688201904
0.57,0.78,0.38,0.44,0.97,0.93,0.08,0.56,0.17,17658,21.498720169067383
0.57,0.78,0.38,0.45,0.97,0.93,0.08,0.55,0.17,17319,21.50223708152771
0.57,0.78,0.37,0.45,0.98,0.93,0.08,0.56,0.17,17870,21.503302812576294
0.57,0.78,0.37,0.44,0.97,0.93,0.08,0.56,0.16,17629,21.5064799785614
0.57,0.78,0.37,0.45,0.98,0.93,0.08,0.56,0.17,17570,21.51052737236023
0.56,0.78,0.37,0.44,0.97,0.94,0.08,0.56,0.17,17529,21.514521837234497
0.57,0.78,0.38,0.45,0.97,0.93,0.08,0.56,0.17,17428,21.514521837234497
0.57,0.77,0.37,0.45,0.97,0.93,0.08,0.56,0.17,17651,21.518524169921875
0.57,0.78,0.37,0.45,0.98,0.93,0.08,0.56,0.17,16958,21.52352523803711
0.57,0.78,0.38,0.44,0.97,0.93,0.08,0.56,0.17,17155,21.52658462524414
0.57,0.78,0.38,0.44,0.98,0.93,0.08,0.56,0.17,17660,21.52658462524414
0.57,0.77,0.38,0.44,0.97,0.93,0.08,0.55,0.17,17671,21.531627655029297
0.57,0.78,0.38,0.45,0.98,0.93,0.08,0.56,0.17,17370,21.535954236984253
0.57,0.78,0.38,0.45,0.98,0.93,0.08,0.56,0.17,17203,21.539164304733276
0.57,0.77,0.37,0.45,0.98,0.93,0.08,0.55,0.17,17052,21.54022979736328
0.57,0.78,0.37,0.45,0.98,0.93,0.08,0.56,0.17,17459,21.543582916259766
0.56,0.78,0.38,0.44,0.98,0.93,0.08,0.56,0.17,17544,21.547593116760254
0.57,0.78,0.38,0.44,0.98,0.94,0.09,0.56,0.17,17899,21.55171251296997
0.57,0.78,0.38,0.44,0.98,0.94,0.08,0.56,0.17,17712,21.555710077285767
0.57,0.78,0.38,0.44,0.98,0.94,0.08,0.56,0.17,17383,21.555710077285767
0.57,0.78,0.37,0.44,0.98,0.93,0.08,0.56,0.17,17612,21.559191703796387
0.56,0.77,0.37,0.44,0.97,0.94,0.08,0.56,0.17,17769,21.563584327697754
0.57,0.77,0.37,0.44,0.98,0.93,0.09,0.56,0.17,17860,21.568637371063232
0.57,0.77,0.37,0.45,0.98,0.93,0.08,0.56,0.17,17251,21.568637371063232
0.57,0.77,0.37,0.44,0.98,0.93,0.08,0.55,0.17,17264,21.572290420532227
0.56,0.76,0.37,0.45,0.98,0.94,0.08,0.56,0.17,17107,21.576244592666626
0.57,0.77,0.37,0.45,0.99,0.93,0.08,0.56,0.17,17154,21.58029294013977
0.56,0.77,0.38,0.44,0.98,0.93,0.08,0.56,0.17,17291,21.58029294013977
0.57,0.77,0.37,0.45,0.98,0.93,0.08,0.56,0.17,16994,21.584315299987793
0.57,0.78,0.38,0.44,0.98,0.94,0.08,0.56,0.18,17295,21.588674783706665
0.56,0.78,0.37,0.44,0.99,0.93,0.08,0.56,0.17,17330,21.5925076007843
0.56,0.77,0.37,0.45,0.98,0.94,0.08,0.56,0.17,17787,21.593533039093018
0.57,0.78,0.37,0.44,0.98,0.94,0.08,0.56,0.17,17382,21.596548557281494
0.56,0.78,0.37,0.45,0.98,0.93,0.08,0.56,0.17,16787,21.60047197341919
0.57,0.77,0.37,0.45,0.98,0.94,0.08,0.56,0.17,17016,21.604419231414795
0.57,0.78,0.37,0.45,0.98,0.94,0.08,0.56,0.16,17063,21.60545301437378
0.56,0.77,0.37,0.44,0.98,0.94,0.08,0.56,0.17,17412,21.60905432701111
0.56,0.77,0.38,0.44,0.98,0.94,0.08,0.56,0.18,17595,21.612623691558838
0.56,0.77,0.38,0.44,0.98,0.94,0.08,0.56,0.17,17202,21.618038415908813
0.57,0.77,0.37,0.44,0.98,0.93,0.08,0.56,0.17,17485,21.618038415908813
0.57,0.77,0.38,0.44,0.99,0.94,0.08,0.56,0.17,17450,21.622023105621338
0.56,0.78,0.37,0.44,0.98,0.93,0.08,0.56,0.17,17485,21.625322341918945
0.57,0.78,0.37,0.44,0.98,0.93,0.08,0.56,0.17,17650,21.629375457763672
0.57,0.77,0.37,0.44,0.98,0.94,0.08,0.56,0.17,17921,21.632869720458984
0.57,0.78,0.37,0.44,0.98,0.94,0.08,0.56,0.17,17670,21.63340449333191
0.56,0.78,0.37,0.42,0.98,0.94,0.08,0.56,0.17,17343,21.63791298866272
0.57,0.78,0.37,0.43,0.98,0.93,0.09,0.56,0.17,17418,21.64131474494934
0.57,0.78,0.37,0.43,0.98,0.93,0.09,0.56,0.17,18059,21.64555025100708
0.58,0.77,0.37,0.44,0.98,0.93,0.09,0.56,0.17,17942,21.646710634231567
0.56,0.78,0.37,0.44,0.98,0.93,0.08,0.56,0.17,17467,21.649842023849487
0.57,0.78,0.37,0.44,0.98,0.93,0.09,0.56,0.17,17284,21.654842138290405
0.57,0.77,0.38,0.43,0.98,0.93,0.08,0.56,0.16,16949,21.657291412353516
0.57,0.78,0.37,0.43,0.98,0.93,0.08,0.56,0.17,17524,21.65830087661743
0.57,0.78,0.38,0.43,0.98,0.94,0.08,0.56,0.17,17543,21.662517309188843
0.57,0.78,0.38,0.43,0.98,0.93,0.08,0.56,0.17,17750,21.66608238220215
0.58,0.78,0.38,0.43,0.98,0.93,0.08,0.56,0.17,17529,21.670593976974487
0.58,0.77,0.37,0.43,0.98,0.93,0.09,0.56,0.17,17062,21.82601284980774
0.57,0.78,0.37,0.43,0.98,0.93,0.08,0.56,0.17,17321,21.82601284980774
0.57,0.77,0.37,0.43,0.98,0.94,0.08,0.56,0.17,17576,21.827011823654175
0.57,0.78,0.37,0.43,0.98,0.93,0.09,0.56,0.17,17805,21.827011823654175
0.57,0.78,0.38,0.43,0.98,0.93,0.09,0.56,0.17,17852,21.827011823654175
0.57,0.78,0.38,0.43,0.98,0.93,0.08,0.56,0.17,17707,21.82821750640869
0.57,0.78,0.38,0.43,0.99,0.93,0.08,0.56,0.17,17314,21.82821750640869
0.57,0.77,0.38,0.43,0.98,0.93,0.08,0.56,0.17,17053,21.82821750640869
0.58,0.77,0.37,0.42,0.98,0.93,0.08,0.56,0.17,17080,21.829269886016846
0.57,0.77,0.37,0.43,0.98,0.93,0.08,0.56,0.17,17287,21.829269886016846
0.58,0.77,0.38,0.43,0.98,0.93,0.08,0.56,0.17,17962,21.829269886016846
0.58,0.77,0.38,0.43,0.98,0.93,0.08,0.56,0.17,17505,21.830267667770386
0.58,0.77,0.38,0.43,0.98,0.93,0.08,0.56,0.17,17066,21.830267667770386
0.57,0.77,0.37,0.43,0.98,0.94,0.09,0.56,0.17,17031,21.830267667770386
0.57,0.77,0.37,0.43,0.99,0.94,0.08,0.56,0.17,17088,21.8312668800354
0.58,0.77,0.37,0.43,0.98,0.94,0.08,0.56,0.17,17081,21.8312668800354
0.58,0.77,0.37,0.43,0.98,0.94,0.08,0.56,0.17,17286,21.832266807556152
0.58,0.77,0.38,0.43,0.98,0.94,0.08,0.56,0.17,17515,21.832266807556152
0.58,0.77,0.37,0.43,0.98,0.94,0.08,0.56,0.17,17360,21.832266807556152
0.58,0.78,0.37,0.42,0.98,0.94,0.08,0.56,0.17,17181,21.833267211914062
0.58,0.77,0.38,0.43,0.98,0.94,0.08,0.56,0.17,17834,21.833456993103027
0.58,0.78,0.38,0.43,0.98,0.93,0.09,0.56,0.17,17621,21.833456993103027
0.58,0.78,0.38,0.43,0.97,0.93,0.08,0.56,0.17,17752,21.83449125289917
0.58,0.78,0.38,0.43,0.98,0.94,0.08,0.56,0.17,17761,21.83449125289917
0.57,0.78,0.38,0.43,0.98,0.94,0.08,0.56,0.17,17194,21.83449125289917
0.58,0.77,0.37,0.43,0.98,0.94,0.08,0.56,0.17,16701,21.835489749908447
0.57,0.77,0.37,0.43,0.98,0.93,0.09,0.56,0.17,17166,21.835489749908447
0.57,0.77,0.37,0.44,0.98,0.93,0.09,0.56,0.17,17251,21.835489749908447
0.58,0.78,0.37,0.44,0.98,0.93,0.08,0.56,0.17,17188,21.8364896774292
0.57,0.78,0.37,0.44,0.98,0.94,0.08,0.56,0.17,17613,21.8364896774292
0.57,0.77,0.37,0.44,0.98,0.94,0.08,0.56,0.17,17680,21.83748984336853
0.58,0.77,0.37,0.44,0.98,0.93,0.09,0.56,0.17,17201,21.83748984336853
0.58,0.77,0.38,0.44,0.98,0.93,0.08,0.57,0.17,17358,21.83748984336853
0.58,0.77,0.37,0.44,0.98,0.93,0.08,0.56,0.17,17675,21.83849000930786
0.58,0.77,0.37,0.44,0.98,0.93,0.08,0.56,0.17,17794,21.838687658309937
0.58,0.77,0.37,0.43,0.98,0.93,0.09,0.57,0.17,17243,21.838687658309937
0.58,0.78,0.38,0.44,0.98,0.94,0.08,0.57,0.17,17444,21.839725494384766
0.58,0.77,0.37,0.44,0.98,0.93,0.08,0.57,0.17,17347,21.839725494384766
0.58,0.78,0.38,0.44,0.98,0.93,0.07,0.57,0.17,16912,21.839725494384766
0.57,0.78,0.38,0.44,0.98,0.93,0.08,0.57,0.17,16923,21.840723514556885
0.58,0.77,0.38,0.43,0.98,0.93,0.08,0.56,0.17,17466,21.840723514556885
0.58,0.77,0.38,0.44,0.98,0.93,0.08,0.56,0.17,17051,21.840723514556885
0.58,0.77,0.38,0.44,0.98,0.93,0.08,0.57,0.17,17226,21.84172487258911
0.57,0.77,0.38,0.42,0.98,0.93,0.08,0.56,0.17,17391,21.84172487258911
0.58,0.77,0.37,0.43,0.99,0.94,0.08,0.56,0.17,17466,21.8427255153656
0.58,0.77,0.38,0.42,0.99,0.94,0.08,0.56,0.17,16805,21.8427255153656
0.58,0.77,0.37,0.43,0.99,0.94,0.08,0.56,0.17,16994,21.8427255153656
0.57,0.77,0.38,0.42,0.99,0.93,0.08,0.56,0.17,17857,21.8437237739563
0.58,0.77,0.38,0.43,0.99,0.94,0.08,0.56,0.17,17806,21.8437237739563
0.58,0.77,0.38,0.42,0.99,0.93,0.08,0.56,0.17,17959,21.844723224639893
0.58,0.77,0.37,0.43,0.99,0.94,0.08,0.56,0.17,17572,21.844723224639893
0.58,0.77,0.38,0.43,0.98,0.94,0.09,0.56,0.18,17625,21.844723224639893
0.58,0.77,0.38,0.44,0.99,0.94,0.09,0.56,0.18,17430,21.845723390579224
0.57,0.77,0.37,0.43,0.99,0.94,0.09,0.57,0.17,17427,21.845723390579224
0.58,0.77,0.38,0.43,0.99,0.94,0.09,0.56,0.18,17390,21.845723390579224
0.58,0.77,0.37,0.43,0.99,0.94,0.09,0.56,0.17,17287,21.846724033355713
0.57,0.77,0.37,0.43,0.98,0.94,0.09,0.57,0.18,17018,21.846724033355713
0.57,0.77,0.38,0.44,0.99,0.95,0.09,0.56,0.18,16867,21.850162029266357
0.57,0.77,0.37,0.43,0.99,0.94,0.09,0.56,0.18,17128,21.85410761833191
0.58,0.77,0.37,0.43,0.99,0.94,0.1,0.57,0.18,16951,21.854997873306274
0.58,0.77,0.38,0.43,0.99,0.94,0.1,0.57,0.17,17058,21.858171463012695
0.57,0.77,0.37,0.42,1.0,0.94,0.1,0.57,0.18,17933,21.862200260162354
0.57,0.77,0.37,0.42,1.0,0.94,0.1,0.57,0.18,17468,21.866483688354492
0.57,0.77,0.37,0.44,1.0,0.94,0.1,0.56,0.18,17303,21.866483688354492
0.57,0.77,0.37,0.43,1.0,0.94,0.1,0.56,0.18,17988,21.870485305786133
0.58,0.77,0.37,0.42,1.0,0.94,0.1,0.56,0.18,18007,21.874781608581543
0.58,0.77,0.37,0.42,1.0,0.94,0.1,0.57,0.18,17418,21.878785610198975
0.58,0.76,0.37,0.42,1.0,0.94,0.1,0.57,0.17,17363,21.87979507446289
0.58,0.77,0.37,0.43,0.99,0.94,0.09,0.56,0.18,17306,21.883157968521118
0.58,0.77,0.37,0.43,1.0,0.94,0.1,0.56,0.18,17329,21.88687753677368
0.57,0.77,0.38,0.42,0.99,0.94,0.1,0.57,0.18,17624,21.89154839515686
0.57,0.78,0.37,0.42,1.0,0.94,0.1,0.57,0.18,17281,21.89154839515686
0.58,0.77,0.38,0.43,0.99,0.94,0.1,0.57,0.18,17182,21.895138025283813
0.58,0.77,0.37,0.43,0.99,0.94,0.1,0.57,0.18,17557,21.89913821220398
0.58,0.77,0.37,0.42,0.99,0.94,0.09,0.57,0.18,17640,21.903467655181885
0.58,0.77,0.37,0.43,0.99,0.94,0.1,0.57,0.18,17421,21.9046573638916
0.58,0.77,0.37,0.43,1.0,0.94,0.1,0.57,0.18,17434,21.908733367919922
0.58,0.77,0.37,0.42,1.0,0.94,0.1,0.57,0.18,17697,21.912115335464478
0.58,0.77,0.37,0.43,0.99,0.95,0.1,0.57,0.18,17380,21.916138410568237
0.57,0.77,0.36,0.43,1.0,0.94,0.1,0.57,0.18,17221,21.920274257659912
0.57,0.76,0.37,0.44,0.99,0.95,0.1,0.57,0.18,17784,21.920274257659912
0.58,0.76,0.37,0.43,1.0,0.94,0.1,0.57,0.18,17653,21.92429208755493
0.57,0.77,0.37,0.43,0.99,0.94,0.1,0.57,0.18,17370,21.928752660751343
0.57,0.77,0.37,0.43,1.0,0.95,0.1,0.57,0.18,17229,21.932045221328735
0.57,0.77,0.37,0.42,1.0,0.94,0.1,0.57,0.18,17102,21.93275499343872
0.57,0.76,0.37,0.42,1.0,0.94,0.1,0.57,0.18,17577,21.936753273010254
0.57,0.76,0.37,0.42,1.0,0.94,0.1,0.56,0.18,17690,21.940200805664062
0.58,0.76,0.37,0.42,1.01,0.94,0.1,0.57,0.18,17533,21.94455623626709
0.58,0.76,0.37,0.42,1.0,0.95,0.1,0.56,0.18,17440,21.94561457633972
0.58,0.77,0.36,0.43,1.01,0.95,0.1,0.57,0.18,17497,21.94960904121399
0.57,0.76,0.37,0.43,1.0,0.95,0.1,0.57,0.17,17678,21.953609466552734
0.57,0.76,0.37,0.43,1.01,0.95,0.1,0.57,0.18,17797,21.956969022750854
0.57,0.76,0.37,0.43,1.0,0.95,0.09,0.57,0.17,17610,21.958250761032104
0.58,0.76,0.37,0.43,1.01,0.95,0.1,0.56,0.18,17487,21.961551427841187
0.58,0.76,0.37,0.42,1.0,0.95,0.1,0.57,0.18,17356,21.965842485427856
0.58,0.76,0.37,0.43,1.0,0.94,0.1,0.57,0.17,17615,21.9689838886261
0.58,0.76,0.37,0.42,1.0,0.94,0.1,0.57,0.17,17422,21.969965934753418
0.58,0.76,0.37,0.42,1.0,0.95,0.1,0.57,0.17,17273,21.9739670753479
0.58,0.76,0.37,0.42,1.0,0.95,0.1,0.57,0.18,17116,21.977497100830078
0.58,0.76,0.37,0.42,1.0,0.95,0.09,0.57,0.18,16995,21.981539011001587
0.57,0.76,0.37,0.42,1.0,0.95,0.08,0.57,0.18,17016,21.98541569709778
0.58,0.76,0.37,0.43,1.01,0.95,0.1,0.57,0.18,17417,21.98541569709778
0.57,0.76,0.37,0.43,1.01,0.95,0.1,0.57,0.18,17380,21.98998522758484
0.57,0.76,0.37,0.43,1.01,0.95,0.09,0.57,0.18,17329,21.99358820915222
0.57,0.77,0.37,0.43,1.0,0.95,0.1,0.57,0.18,17500,21.997113466262817
0.57,0.77,0.37,0.42,1.0,0.95,0.1,0.57,0.17,17683,21.998119115829468
0.58,0.76,0.37,0.43,1.0,0.94,0.1,0.57,0.18,17440,22.002390384674072
0.57,0.77,0.37,0.43,1.0,0.95,0.1,0.57,0.17,17195,22.00649118423462
0.57,0.77,0.37,0.42,1.0,0.95,0.1,0.57,0.17,17692,22.010502099990845
0.58,0.77,0.37,0.43,1.0,0.95,0.1,0.57,0.18,17761,22.010502099990845
0.57,0.77,0.37,0.43,1.0,0.95,0.1,0.57,0.18,17650,22.014995098114014
0.58,0.76,0.37,0.43,1.0,0.95,0.1,0.56,0.17,17561,22.018995761871338
0.57,0.77,0.37,0.43,1.0,0.95,0.1,0.56,0.18,17368,22.022399187088013
0.57,0.76,0.37,0.43,1.01,0.95,0.1,0.57,0.18,17409,22.023306608200073
0.57,0.76,0.37,0.43,1.0,0.94,0.1,0.57,0.18,17544,22.026321411132812
0.57,0.76,0.37,0.43,1.0,0.95,0.1,0.57,0.18,17743,22.031033515930176
0.58,0.76,0.37,0.44,1.0,0.95,0.1,0.57,0.17,17618,22.03449773788452
0.57,0.76,0.37,0.43,1.0,0.95,0.1,0.57,0.18,17267,22.03500461578369
0.58,0.76,0.37,0.43,1.0,0.94,0.1,0.57,0.18,17304,22.038403034210205
0.57,0.77,0.37,0.43,1.0,0.95,0.1,0.57,0.18,17765,22.043293714523315
0.57,0.76,0.37,0.43,1.0,0.95,0.1,0.57,0.18,17718,22.04629349708557
0.58,0.76,0.37,0.42,1.01,0.95,0.1,0.57,0.17,17269,22.050471305847168
0.58,0.76,0.37,0.43,1.01,0.95,0.11,0.57,0.18,17070,22.050471305847168
0.58,0.77,0.37,0.43,1.0,0.95,0.1,0.58,0.18,17185,22.0547456741333
0.58,0.76,0.37,0.43,1.0,0.95,0.1,0.57,0.18,17496,22.059274673461914
0.58,0.77,0.37,0.43,1.0,0.95,0.1,0.58,0.18,17041,22.06331706047058
0.58,0.76,0.37,0.43,1.01,0.95,0.1,0.58,0.18,16766,22.06331706047058
0.57,0.77,0.37,0.43,1.0,0.95,0.1,0.58,0.18,17083,22.067288637161255
0.58,0.77,0.37,0.43,1.0,0.95,0.1,0.58,0.18,17438,22.072678327560425
0.58,0.77,0.37,0.43,1.0,0.95,0.1,0.57,0.17,17361,22.07567858695984
0.58,0.76,0.37,0.43,1.0,0.94,0.1,0.57,0.18,17346,22.07567858695984
0.58,0.77,0.37,0.43,1.0,0.94,0.1,0.57,0.17,17529,22.079310417175293
0.58,0.76,0.37,0.42,1.0,0.94,0.1,0.57,0.18,17320,22.084306955337524
0.58,0.77,0.37,0.43,1.0,0.94,0.1,0.58,0.17,17513,22.088305711746216
0.58,0.77,0.37,0.43,1.0,0.95,0.1,0.57,0.18,17668,22.088305711746216
0.58,0.77,0.37,0.43,1.0,0.94,0.1,0.57,0.18,17599,22.092300176620483
0.58,0.77,0.37,0.43,1.0,0.94,0.1,0.57,0.18,17222,22.096264600753784
0.58,0.77,0.37,0.43,1.0,0.95,0.1,0.58,0.18,17343,22.100374221801758
0.58,0.76,0.37,0.42,1.0,0.95,0.1,0.58,0.18,17372,22.10136914253235
0.58,0.77,0.37,0.43,1.01,0.94,0.1,0.58,0.18,17337,22.104812145233154
0.58,0.76,0.37,0.42,1.01,0.95,0.1,0.58,0.18,17536,22.108121156692505
0.58,0.76,0.37,0.43,1.0,0.94,0.1,0.58,0.18,18003,22.112552642822266
0.58,0.76,0.37,0.43,1.01,0.94,0.1,0.58,0.18,17598,22.11359715461731
0.58,0.76,0.37,0.43,1.01,0.94,0.1,0.58,0.18,17149,22.116665601730347
0.58,0.77,0.37,0.42,1.0,0.94,0.1,0.58,0.18,17092,22.120686292648315
0.58,0.77,0.37,0.42,1.0,0.95,0.1,0.58,0.18,17259,22.125760078430176
0.58,0.76,0.37,0.42,1.01,0.95,0.1,0.58,0.18,17290,22.128849983215332
0.58,0.76,0.37,0.42,1.01,0.95,0.1,0.57,0.18,16973,22.129905939102173
0.58,0.76,0.37,0.42,1.01,0.95,0.1,0.58,0.18,17294,22.13351321220398
0.58,0.76,0.37,0.42,1.01,0.95,0.09,0.58,0.18,17413,22.137573957443237
0.58,0.76,0.37,0.42,1.01,0.95,0.1,0.58,0.18,17518,22.140857934951782
0.58,0.77,0.37,0.42,1.01,0.95,0.1,0.58,0.18,17665,22.14161491394043
0.58,0.76,0.37,0.43,1.01,0.95,0.1,0.58,0.17,17494,22.14563512802124
0.58,0.77,0.37,0.42,1.01,0.95,0.1,0.57,0.17,17743,22.14988923072815
0.59,0.77,0.37,0.42,1.01,0.95,0.1,0.58,0.18,17566,22.15311574935913
0.58,0.76,0.37,0.42,1.01,0.95,0.1,0.58,0.18,17351,22.1541850566864
0.58,0.76,0.37,0.42,1.01,0.95,0.1,0.57,0.18,17480,22.15818500518799
0.58,0.76,0.37,0.42,1.01,0.95,0.1,0.57,0.18,17123,22.162526845932007
0.58,0.76,0.37,0.43,1.01,0.95,0.1,0.58,0.18,17276,22.165760278701782
0.58,0.76,0.37,0.42,1.01,0.95,0.1,0.58,0.17,17241,22.166823148727417
0.59,0.76,0.37,0.42,1.01,0.95,0.1,0.58,0.18,17190,22.16991925239563
0.58,0.76,0.37,0.42,1.01,0.95,0.1,0.58,0.18,17417,22.174888610839844
0.59,0.76,0.37,0.42,1.01,0.95,0.1,0.58,0.18,17574,22.177574157714844
0.58,0.77,0.36,0.42,1.01,0.95,0.1,0.57,0.18,17505,22.17864155769348
0.59,0.77,0.37,0.42,1.01,0.95,0.09,0.57,0.18,17394,22.183091640472412
0.58,0.77,0.37,0.42,1.02,0.95,0.1,0.58,0.17,17515,22.18657398223877
0.59,0.77,0.37,0.42,1.01,0.95,0.1,0.57,0.18,17326,22.19058609008789
0.59,0.77,0.37,0.42,1.01,0.95,0.1,0.57,0.18,17321,22.19388771057129
0.59,0.77,0.37,0.42,1.01,0.95,0.09,0.58,0.17,17462,22.19510555267334
0.59,0.76,0.37,0.42,1.01,0.95,0.1,0.58,0.18,17657,22.19910502433777
0.59,0.76,0.37,0.42,1.01,0.95,0.1,0.58,0.18,17576,22.202662706375122
0.59,0.76,0.37,0.42,1.01,0.95,0.1,0.58,0.18,17303,22.20645809173584
0.59,0.76,0.37,0.43,1.01,0.95,0.1,0.58,0.17,17558,22.20700740814209
0.59,0.77,0.37,0.42,1.01,0.95,0.1,0.58,0.18,17641,22.2114040851593
0.59,0.77,0.37,0.42,1.01,0.95,0.1,0.58,0.18,17808,22.215860605239868
0.58,0.77,0.37,0.42,1.01,0.95,0.1,0.58,0.18,17699,22.219308614730835
0.6,0.77,0.37,0.42,1.01,0.95,0.1,0.58,0.18,17640,22.219308614730835
0.59,0.77,0.37,0.42,1.01,0.95,0.1,0.58,0.18,17093,22.22331714630127
0.59,0.77,0.37,0.42,1.0,0.95,0.1,0.58,0.18,17246,22.226945400238037
0.59,0.77,0.37,0.42,1.0,0.95,0.1,0.58,0.18,17415,22.231278657913208
0.59,0.76,0.37,0.42,1.0,0.95,0.1,0.58,0.18,17520,22.231974363327026
0.59,0.77,0.37,0.42,1.01,0.95,0.1,0.58,0.18,17529,22.235965251922607
0.59,0.77,0.37,0.42,1.01,0.95,0.1,0.58,0.18,17408,22.239144802093506
0.59,0.77,0.37,0.42,1.01,0.95,0.09,0.58,0.18,17783,22.243146896362305
0.59,0.77,0.37,0.42,1.01,0.95,0.1,0.58,0.18,17792,22.243146896362305
0.59,0.77,0.37,0.42,1.0,0.95,0.1,0.58,0.18,17647,22.24814486503601
0.59,0.77,0.37,0.42,1.0,0.94,0.1,0.58,0.18,17490,22.25218892097473
0.59,0.77,0.37,0.42,1.01,0.95,0.1,0.58,0.18,17527,22.255608320236206
0.6,0.77,0.37,0.42,1.01,0.95,0.1,0.58,0.18,17552,22.25665044784546
0.59,0.77,0.37,0.42,1.01,0.95,0.1,0.58,0.18,17441,22.259638786315918
0.59,0.76,0.37,0.42,1.01,0.95,0.1,0.58,0.18,17198,22.263147592544556
0.59,0.77,0.37,0.42,1.01,0.95,0.09,0.58,0.18,17503,22.26865553855896
0.59,0.77,0.37,0.42,1.01,0.95,0.1,0.58,0.18,17762,22.271655321121216
0.59,0.77,0.37,0.42,1.01,0.95,0.1,0.58,0.18,17687,22.273020267486572
0.59,0.77,0.37,0.42,1.01,0.95,0.1,0.58,0.18,17626,22.276024341583252
0.59,0.77,0.37,0.43,1.01,0.95,0.09,0.58,0.18,17529,22.280075073242188
0.58,0.77,0.36,0.42,1.01,0.95,0.1,0.58,0.18,17748,22.284162282943726
0.59,0.76,0.36,0.43,1.01,0.95,0.1,0.58,0.18,17809,22.284162282943726
0.59,0.77,0.36,0.43,1.01,0.95,0.1,0.58,0.18,17576,22.288771390914917
0.59,0.77,0.36,0.43,1.01,0.95,0.1,0.58,0.18,17329,22.292145252227783
0.59,0.76,0.36,0.43,1.01,0.95,0.1,0.57,0.18,17438,22.29710578918457
0.59,0.77,0.36,0.43,1.02,0.95,0.1,0.58,0.18,17475,22.298096179962158
0.59,0.76,0.37,0.42,1.01,0.95,0.1,0.57,0.18,17342,22.301096439361572
0.59,0.76,0.36,0.42,1.01,0.95,0.1,0.58,0.17,17489,22.305097341537476
0.59,0.76,0.36,0.43,1.01,0.95,0.1,0.58,0.18,17534,22.30909562110901
0.59,0.76,0.36,0.43,1.01,0.94,0.1,0.58,0.17,17747,22.30909562110901
0.6,0.76,0.36,0.43,1.02,0.95,0.1,0.58,0.18,17976,22.313138484954834
0.59,0.76,0.36,0.43,1.01,0.95,0.1,0.58,0.18,17797,22.317936182022095
0.59,0.76,0.36,0.43,1.01,0.95,0.1,0.58,0.18,17518,22.321166515350342
0.59,0.76,0.36,0.43,1.01,0.94,0.1,0.58,0.18,17507,22.322014093399048
0.59,0.76,0.36,0.43,1.01,0.95,0.1,0.57,0.18,17266,22.325013875961304
0.6,0.76,0.36,0.44,1.01,0.95,0.1,0.58,0.17,17273,22.330525875091553
0.59,0.76,0.36,0.44,1.01,0.95,0.09,0.58,0.18,16938,22.33396887779236
0.59,0.76,0.37,0.43,1.01,0.95,0.1,0.58,0.17,17449,22.33794641494751
0.59,0.76,0.36,0.44,1.02,0.95,0.1,0.58,0.18,17746,22.33899474143982
0.59,0.77,0.36,0.44,1.01,0.95,0.1,0.58,0.18,17507,22.34199595451355
0.59,0.76,0.36,0.44,1.01,0.95,0.1,0.58,0.18,16794,22.34576439857483
0.59,0.77,0.37,0.44,1.01,0.95,0.1,0.57,0.18,16897,22.349873781204224
0.59,0.77,0.36,0.44,1.01,0.95,0.1,0.58,0.18,17506,22.35086703300476
0.59,0.77,0.36,0.43,1.01,0.95,0.09,0.58,0.18,17409,22.35387086868286
0.59,0.77,0.36,0.44,1.01,0.95,0.11,0.58,0.18,17570,22.3588809967041
0.59,0.77,0.36,0.44,1.01,0.95,0.1,0.58,0.18,17677,22.36190938949585
0.59,0.77,0.36,0.44,1.01,0.95,0.1,0.57,0.18,17140,22.362975597381592
0.58,0.76,0.36,0.44,1.01,0.95,0.1,0.58,0.18,17127,22.3669753074646
0.59,0.77,0.36,0.44,1.01,0.95,0.1,0.58,0.18,17324,22.371161699295044
0.59,0.77,0.36,0.44,1.01,0.95,0.1,0.58,0.18,17559,22.37439227104187
0.59,0.77,0.36,0.44,1.01,0.95,0.1,0.58,0.18,17568,22.37544846534729
0.59,0.77,0.36,0.44,1.01,0.95,0.1,0.58,0.18,17211,22.37943959236145
0.59,0.76,0.36,0.44,1.01,0.95,0.1,0.58,0.18,16868,22.38329005241394
0.59,0.76,0.36,0.43,1.01,0.95,0.1,0.58,0.18,17467,22.387269258499146
0.59,0.76,0.36,0.44,1.01,0.95,0.1,0.58,0.18,17466,22.387269258499146
0.59,0.76,0.36,0.44,1.0,0.95,0.1,0.58,0.18,17585,22.391268968582153
0.59,0.76,0.36,0.44,1.01,0.95,0.1,0.58,0.18,17524,22.39521622657776
0.59,0.76,0.36,0.44,1.01,0.95,0.1,0.58,0.18,17221,22.399336576461792
0.59,0.77,0.36,0.44,1.01,0.95,0.1,0.58,0.18,17498,22.4023699760437
0.58,0.76,0.36,0.44,1.01,0.95,0.1,0.58,0.18,17949,22.403417110443115
0.58,0.77,0.36,0.44,1.02,0.95,0.1,0.57,0.18,17718,22.407819032669067
0.59,0.77,0.36,0.44,1.02,0.95,0.1,0.57,0.18,17457,22.41146183013916
0.59,0.76,0.36,0.43,1.01,0.95,0.1,0.57,0.18,17448,22.415374517440796
0.58,0.76,0.36,0.43,1.01,0.95,0.1,0.57,0.18,17371,22.416061639785767
0.59,0.76,0.36,0.43,1.01,0.95,0.1,0.58,0.18,16932,22.420061111450195
0.59,0.77,0.36,0.43,1.01,0.95,0.1,0.58,0.18,17053,22.423797845840454
0.59,0.76,0.36,0.43,1.01,0.96,0.1,0.58,0.18,17656,22.427892446517944
0.59,0.76,0.36,0.43,1.01,0.95,0.1,0.58,0.18,17551,22.429036617279053
0.59,0.76,0.36,0.43,1.02,0.94,0.1,0.57,0.18,17466,22.432462453842163
0.59,0.76,0.36,0.43,1.02,0.95,0.1,0.57,0.18,17841,22.43646240234375
0.59,0.76,0.36,0.43,1.01,0.95,0.1,0.57,0.18,17928,22.439464569091797
0.58,0.76,0.36,0.44,1.01,0.95,0.1,0.57,0.18,17479,22.440463066101074
0.59,0.76,0.36,0.44,1.01,0.95,0.1,0.57,0.18,16968,22.444507122039795
0.59,0.76,0.36,0.44,1.01,0.95,0.1,0.57,0.18,17007,22.448594331741333
0.59,0.76,0.36,0.43,1.01,0.95,0.1,0.57,0.18,17460,22.45257544517517
0.59,0.76,0.36,0.44,1.01,0.95,0.1,0.57,0.18,17437,22.45257544517517
0.59,0.76,0.36,0.44,1.01,0.95,0.09,0.57,0.18,17088,22.456560134887695
0.59,0.76,0.36,0.44,1.01,0.95,0.1,0.57,0.18,17299,22.461560010910034
0.59,0.77,0.36,0.44,1.01,0.95,0.1,0.57,0.18,17396,22.465580940246582
0.59,0.76,0.36,0.44,1.01,0.95,0.1,0.57,0.18,17395,22.465580940246582
0.59,0.76,0.36,0.43,1.01,0.95,0.1,0.57,0.18,17298,22.4688777923584
0.58,0.77,0.36,0.44,1.01,0.95,0.1,0.57,0.18,17621,22.473860263824463
0.59,0.76,0.36,0.43,1.01,0.95,0.1,0.57,0.18,17284,22.477344512939453
0.59,0.77,0.36,0.44,1.01,0.95,0.1,0.57,0.18,17775,22.477344512939453
0.59,0.77,0.37,0.43,1.01,0.95,0.1,0.57,0.18,17502,22.48167610168457
0.59,0.77,0.36,0.44,1.01,0.95,0.1,0.57,0.18,17729,22.485676527023315
0.58,0.76,0.36,0.44,1.0,0.96,0.1,0.57,0.18,18046,22.490116834640503
0.59,0.76,0.35,0.44,1.0,0.95,0.09,0.57,0.18,17731,22.49343776702881
0.59,0.77,0.36,0.44,1.0,0.95,0.1,0.57,0.18,17282,22.49343776702881
0.6,0.77,0.36,0.44,1.0,0.95,0.1,0.57,0.18,16937,22.4975004196167
0.59,0.76,0.36,0.44,1.0,0.95,0.1,0.57,0.18,17498,22.502482652664185
0.59,0.76,0.35,0.44,1.0,0.95,0.1,0.57,0.18,17603,22.505849361419678
0.58,0.77,0.36,0.44,1.0,0.95,0.1,0.57,0.18,17382,22.50662851333618
0.59,0.77,0.35,0.44,1.0,0.94,0.11,0.57,0.17,17003,22.509917497634888
0.59,0.76,0.36,0.44,1.0,0.95,0.1,0.57,0.18,17158,22.515028715133667
0.58,0.77,0.36,0.44,1.01,0.95,0.1,0.57,0.18,17553,22.517616510391235
0.59,0.76,0.36,0.44,1.01,0.95,0.1,0.57,0.18,17262,22.518689155578613
0.59,0.76,0.35,0.43,1.0,0.95,0.09,0.57,0.18,17007,22.523056983947754
0.59,0.76,0.36,0.44,1.01,0.95,0.1,0.57,0.18,17232,22.526050806045532
0.59,0.76,0.37,0.43,1.0,0.95,0.1,0.57,0.18,17153,22.53105115890503
0.59,0.77,0.36,0.43,1.0,0.95,0.1,0.57,0.18,17522,22.53105115890503
0.59,0.77,0.36,0.44,1.01,0.95,0.1,0.57,0.18,17879,22.53505277633667
0.59,0.77,0.36,0.44,1.01,0.95,0.1,0.57,0.18,17588,22.538660526275635
0.59,0.77,0.36,0.43,1.01,0.96,0.1,0.57,0.17,17023,22.542773008346558
0.6,0.77,0.36,0.44,1.01,0.95,0.1,0.58,0.18,17396,22.542773008346558
0.59,0.77,0.36,0.43,1.01,0.95,0.1,0.57,0.17,18157,22.547131061553955
0.59,0.77,0.36,0.43,1.01,0.95,0.1,0.57,0.18,17720,22.550366640090942
0.59,0.77,0.36,0.43,1.01,0.95,0.1,0.57,0.18,17263,22.555928707122803
0.6,0.77,0.36,0.43,1.0,0.95,0.1,0.57,0.18,17926,22.555928707122803
0.59,0.77,0.36,0.44,1.01,0.95,0.1,0.58,0.18,18217,22.5589497089386
0.59,0.77,0.36,0.44,1.0,0.95,0.1,0.57,0.18,17708,22.563929557800293
0.6,0.77,0.35,0.43,1.01,0.95,0.1,0.57,0.18,17205,22.56665301322937
0.59,0.77,0.36,0.43,1.0,0.95,0.1,0.57,0.18,17400,22.571240425109863
0.59,0.77,0.36,0.44,1.01,0.95,0.1,0.57,0.17,17685,22.572285413742065
0.59,0.77,0.36,0.44,1.01,0.95,0.1,0.57,0.18,17314,22.574662923812866
0.59,0.77,0.36,0.44,1.01,0.94,0.1,0.57,0.17,17207,22.579277992248535
0.59,0.77,0.36,0.44,1.01,0.95,0.1,0.58,0.17,17208,22.583524703979492
0.59,0.77,0.36,0.44,1.01,0.95,0.1,0.58,0.18,17473,22.584319829940796
0.59,0.77,0.36,0.44,1.01,0.95,0.1,0.57,0.17,17598,22.587913990020752
0.59,0.77,0.36,0.43,1.01,0.95,0.1,0.58,0.17,17449,22.592466354370117
0.59,0.77,0.36,0.44,1.01,0.95,0.1,0.58,0.18,17950,22.59563684463501
0.59,0.77,0.36,0.44,1.0,0.95,0.1,0.57,0.17,17921,22.59563684463501
0.59,0.77,0.36,0.44,1.0,0.95,0.1,0.57,0.17,17416,22.59958004951477
0.58,0.77,0.36,0.44,1.01,0.95,0.1,0.57,0.17,17141,22.603861570358276
0.58,0.77,0.36,0.44,1.0,0.94,0.1,0.57,0.18,17602,22.6078143119812
0.59,0.77,0.36,0.44,1.0,0.95,0.1,0.57,0.18,17955,22.608831882476807
0.6,0.77,0.36,0.43,1.01,0.95,0.1,0.57,0.18,17664,22.612805604934692
0.59,0.77,0.36,0.43,1.01,0.95,0.1,0.57,0.18,17473,22.616832971572876
0.58,0.77,0.36,0.43,1.0,0.95,0.1,0.57,0.18,17720,22.62112307548523
0.59,0.77,0.35,0.43,1.0,0.95,0.1,0.57,0.18,17191,22.62112307548523
0.58,0.77,0.36,0.44,1.01,0.95,0.1,0.57,0.18,17110,22.624870777130127
0.59,0.77,0.36,0.44,1.01,0.95,0.1,0.57,0.17,17259,22.62882685661316
0.59,0.77,0.36,0.43,1.01,0.95,0.09,0.57,0.18,17510,22.63280463218689
0.59,0.78,0.36,0.44,1.0,0.95,0.1,0.57,0.18,17659,22.63388442993164
0.59,0.77,0.36,0.44,1.01,0.95,0.1,0.57,0.17,17344,22.63757848739624
0.59,0.78,0.37,0.44,1.0,0.95,0.1,0.57,0.18,17363,22.64187717437744
0.59,0.77,0.36,0.44,1.0,0.95,0.1,0.57,0.17,17566,22.6455180644989
0.59,0.78,0.35,0.44,1.0,0.95,0.1,0.57,0.17,17577,22.64652132987976
0.59,0.78,0.36,0.44,1.0,0.95,0.1,0.57,0.17,17856,22.64953899383545
0.59,0.78,0.35,0.44,1.0,0.95,0.1,0.57,0.17,17289,22.653789043426514
0.58,0.78,0.36,0.43,1.0,0.95,0.11,0.58,0.17,16946,22.658073902130127
0.59,0.78,0.36,0.43,1.0,0.95,0.1,0.57,0.18,17197,22.661139726638794
0.59,0.77,0.36,0.44,1.0,0.95,0.1,0.57,0.17,17520,22.6621572971344
0.6,0.78,0.35,0.44,1.0,0.95,0.1,0.57,0.17,17519,22.666139364242554
0.59,0.78,0.36,0.43,1.0,0.95,0.1,0.57,0.17,17536,22.66974663734436
0.59,0.77,0.36,0.43,1.0,0.95,0.1,0.57,0.17,17583,22.673755645751953
0.59,0.78,0.35,0.44,1.0,0.95,0.1,0.57,0.18,17390,22.673755645751953
0.59,0.78,0.36,0.43,1.0,0.95,0.1,0.58,0.17,17801,22.67775559425354
0.59,0.78,0.36,0.43,1.0,0.95,0.1,0.58,0.17,17778,22.682082653045654
0.6,0.78,0.35,0.44,1.0,0.95,0.1,0.57,0.18,17693,22.686001300811768
0.59,0.78,0.35,0.43,1.0,0.95,0.1,0.58,0.17,17586,22.687056064605713
0.6,0.78,0.35,0.43,1.0,0.94,0.1,0.57,0.17,17271,22.69020986557007
0.59,0.78,0.35,0.43,1.0,0.95,0.1,0.58,0.18,17048,22.694791793823242
0.59,0.77,0.35,0.44,1.01,0.95,0.1,0.57,0.17,17205,22.698916912078857
0.59,0.78,0.35,0.44,1.0,0.95,0.1,0.57,0.17,17672,22.698916912078857
0.6,0.78,0.35,0.44,1.01,0.95,0.11,0.57,0.18,17321,22.702484607696533
0.59,0.77,0.35,0.44,1.01,0.95,0.1,0.58,0.17,16932,22.706624746322632
0.59,0.78,0.35,0.44,1.0,0.95,0.1,0.58,0.17,17195,22.71170711517334
0.59,0.78,0.35,0.44,1.01,0.95,0.1,0.58,0.17,17346,22.71170711517334
0.59,0.78,0.36,0.43,1.01,0.95,0.1,0.58,0.17,17627,22.714707374572754
0.59,0.77,0.35,0.44,1.01,0.95,0.11,0.58,0.17,17554,22.719688653945923
0.59,0.77,0.35,0.44,1.01,0.95,0.1,0.58,0.17,17681,22.722623825073242
0.6,0.78,0.35,0.44,1.01,0.95,0.1,0.58,0.17,17450,22.72684907913208
0.6,0.77,0.35,0.43,1.01,0.95,0.1,0.57,0.17,17087,22.727675914764404
0.6,0.78,0.36,0.43,1.01,0.95,0.1,0.57,0.17,17390,22.73133945465088
0.59,0.78,0.35,0.43,1.01,0.95,0.1,0.57,0.17,17413,22.735159635543823
0.59,0.78,0.35,0.43,1.0,0.95,0.1,0.57,0.17,17022,22.73899006843567
0.59,0.78,0.35,0.44,1.01,0.95,0.1,0.57,0.17,17195,22.740047931671143
0.59,0.77,0.36,0.43,1.01,0.95,0.1,0.57,0.17,17906,22.74393391609192
0.59,0.78,0.36,0.44,1.01,0.95,0.1,0.57,0.17,17933,22.747414112091064
0.6,0.78,0.35,0.44,1.02,0.95,0.1,0.58,0.17,17306,22.751397371292114
0.6,0.77,0.35,0.45,1.01,0.95,0.1,0.57,0.17,16991,22.752166032791138
0.59,0.78,0.35,0.44,1.01,0.95,0.1,0.58,0.17,16704,22.756165742874146
0.59,0.77,0.35,0.44,1.01,0.95,0.1,0.58,0.17,16767,22.760177612304688
0.59,0.78,0.35,0.44,1.0,0.95,0.1,0.58,0.17,17598,22.76382565498352
0.6,0.78,0.35,0.44,1.0,0.95,0.1,0.57,0.17,17743,22.764867067337036
0.59,0.78,0.35,0.45,1.01,0.96,0.1,0.57,0.17,17272,22.767857313156128
0.59,0.78,0.35,0.43,1.01,0.96,0.1,0.57,0.17,17205,22.773004055023193
0.58,0.78,0.35,0.44,1.0,0.95,0.1,0.57,0.17,17708,22.777004718780518
0.59,0.78,0.35,0.44,1.01,0.95,0.1,0.57,0.18,17501,22.777004718780518
0.6,0.78,0.35,0.44,1.01,0.96,0.11,0.57,0.17,17650,22.781126260757446
0.59,0.78,0.35,0.44,1.0,0.95,0.1,0.57,0.17,17667,22.784409761428833
0.6,0.78,0.35,0.44,1.0,0.95,0.1,0.57,0.17,17454,22.7884624004364
0.59,0.78,0.35,0.44,1.0,0.94,0.1,0.57,0.17,17507,22.789377689361572
0.6,0.79,0.36,0.44,1.0,0.95,0.11,0.57,0.17,17474,22.79237723350525
0.6,0.78,0.35,0.44,1.0,0.96,0.1,0.57,0.17,17647,22.797224521636963
0.6,0.78,0.35,0.44,1.0,0.96,0.1,0.57,0.18,17866,22.801207542419434
0.6,0.78,0.35,0.44,1.0,0.95,0.1,0.57,0.17,17811,22.80467963218689
0.6,0.78,0.35,0.44,1.01,0.95,0.1,0.57,0.17,17632,22.80549693107605
0.6,0.78,0.35,0.45,1.01,0.95,0.1,0.57,0.17,17359,22.808831930160522
0.59,0.78,0.35,0.44,1.01,0.95,0.1,0.57,0.17,17250,22.813578367233276
0.6,0.79,0.35,0.44,1.0,0.95,0.11,0.57,0.17,17449,22.81686806678772
0.6,0.78,0.35,0.44,1.0,0.95,0.1,0.57,0.17,17556,22.817607641220093
0.6,0.78,0.35,0.44,1.01,0.95,0.1,0.56,0.17,17037,22.821683645248413
0.59,0.78,0.35,0.44,1.01,0.95,0.1,0.57,0.17,17082,22.82552742958069
0.6,0.78,0.35,0.44,1.0,0.95,0.1,0.57,0.17,17401,22.82936716079712
0.6,0.78,0.35,0.44,1.0,0.95,0.1,0.57,0.17,17550,22.830411911010742
0.6,0.78,0.35,0.44,1.0,0.95,0.1,0.58,0.17,17299,22.83409333229065
0.59,0.78,0.35,0.44,1.0,0.95,0.1,0.57,0.17,17374,22.837531805038452
0.6,0.78,0.36,0.44,1.0,0.96,0.1,0.57,0.18,17441,22.84268617630005
0.6,0.78,0.35,0.44,1.01,0.95,0.1,0.57,0.17,17614,22.84268617630005
0.6,0.78,0.35,0.44,1.01,0.95,0.1,0.57,0.17,17089,22.845720291137695
0.6,0.78,0.35,0.44,1.01,0.95,0.1,0.58,0.17,17054,22.850719928741455
0.6,0.78,0.35,0.44,1.0,0.96,0.1,0.57,0.17,16953,22.854701280593872
0.6,0.78,0.35,0.44,1.0,0.96,0.1,0.57,0.17,17318,22.854701280593872
0.59,0.78,0.35,0.44,1.0,0.95,0.1,0.57,0.17,17237,22.85842776298523
0.6,0.78,0.35,0.44,1.0,0.96,0.1,0.57,0.17,17242,22.86272406578064
0.6,0.78,0.35,0.44,1.0,0.96,0.1,0.58,0.17,17529,22.866377353668213
0.6,0.78,0.35,0.44,1.0,0.96,0.1,0.58,0.17,17628,22.8697247505188
0.6,0.78,0.35,0.44,1.0,0.95,0.11,0.58,0.18,17851,22.870655298233032
0.6,0.78,0.35,0.44,1.0,0.96,0.1,0.58,0.17,17746,22.874657154083252
0.6,0.78,0.35,0.44,1.0,0.96,0.1,0.58,0.17,17397,22.878661394119263
0.6,0.78,0.35,0.44,1.0,0.95,0.1,0.58,0.17,17374,22.881944179534912
0.6,0.78,0.35,0.44,1.0,0.95,0.11,0.57,0.17,17285,22.882957696914673
0.59,0.78,0.35,0.44,1.0,0.96,0.1,0.58,0.17,17254,22.886961221694946
0.59,0.78,0.35,0.44,1.0,0.95,0.1,0.57,0.17,17499,22.890552043914795
0.59,0.78,0.35,0.44,1.0,0.95,0.1,0.58,0.17,17262,22.89455223083496
0.59,0.78,0.35,0.44,1.0,0.95,0.1,0.58,0.17,17423,22.89455223083496
0.59,0.78,0.35,0.44,1.0,0.95,0.1,0.58,0.17,17510,22.89859938621521
0.6,0.78,0.35,0.43,1.0,0.95,0.1,0.58,0.17,17339,22.903571367263794
0.59,0.78,0.35,0.44,1.0,0.96,0.1,0.58,0.17,17100,22.906909942626953
0.6,0.78,0.35,0.44,1.0,0.96,0.1,0.58,0.18,17057,22.90799832344055
0.6,0.78,0.35,0.44,1.0,0.95,0.1,0.58,0.17,17260,22.910999298095703
0.6,0.78,0.35,0.45,1.0,0.96,0.1,0.58,0.17,17195,22.915281772613525
0.59,0.78,0.35,0.44,1.0,0.96,0.1,0.58,0.17,17500,22.919907093048096
0.6,0.78,0.35,0.44,1.0,0.96,0.1,0.58,0.17,17321,22.919907093048096
0.59,0.78,0.35,0.44,1.0,0.96,0.1,0.58,0.17,17538,22.923913717269897
0.6,0.78,0.35,0.44,1.01,0.96,0.1,0.58,0.17,17571,22.927529096603394
0.6,0.78,0.35,0.44,1.01,0.95,0.11,0.58,0.17,17654,22.9316143989563
0.6,0.78,0.35,0.44,1.0,0.95,0.09,0.58,0.17,17403,22.93579125404358
0.59,0.78,0.35,0.44,1.0,0.95,0.1,0.58,0.17,17460,22.936843872070312
0.6,0.78,0.35,0.44,1.0,0.95,0.11,0.58,0.17,17499,22.939839839935303
0.59,0.78,0.35,0.44,1.0,0.95,0.1,0.58,0.17,17208,22.94483995437622
0.59,0.78,0.35,0.44,1.0,0.95,0.1,0.58,0.17,17167,22.94783067703247
0.59,0.78,0.35,0.44,1.01,0.95,0.1,0.58,0.17,17490,22.948840618133545
0.59,0.78,0.35,0.44,1.0,0.95,0.1,0.58,0.17,17453,22.951828241348267
0.59,0.78,0.35,0.44,1.0,0.96,0.1,0.58,0.17,17372,22.956883668899536
0.6,0.78,0.35,0.43,1.01,0.96,0.1,0.58,0.17,17611,22.96004891395569
0.6,0.78,0.35,0.44,1.01,0.96,0.1,0.58,0.17,17742,22.961087703704834
0.59,0.78,0.35,0.44,1.01,0.96,0.1,0.58,0.17,17393,22.964284658432007
0.6,0.78,0.34,0.44,1.01,0.96,0.1,0.58,0.17,17224,22.968310594558716
0.59,0.78,0.35,0.44,1.0,0.96,0.1,0.58,0.17,17299,22.972331523895264
0.59,0.78,0.35,0.43,1.0,0.96,0.1,0.58,0.17,17830,22.97332763671875
0.59,0.78,0.35,0.44,1.0,0.96,0.1,0.58,0.17,17707,22.977311372756958
0.59,0.78,0.35,0.44,1.0,0.95,0.1,0.58,0.17,17284,22.98059868812561
0.6,0.78,0.35,0.44,1.0,0.96,0.1,0.58,0.17,17177,22.986083030700684
0.6,0.78,0.34,0.44,1.0,0.95,0.1,0.58,0.17,16890,22.986083030700684
0.6,0.77,0.34,0.44,1.0,0.95,0.1,0.57,0.17,17299,22.98924231529236
0.59,0.78,0.34,0.44,1.01,0.95,0.1,0.58,0.17,17412,22.993043422698975
0.59,0.77,0.35,0.44,1.0,0.96,0.1,0.58,0.17,17453,22.997869968414307
0.59,0.78,0.35,0.44,1.0,0.96,0.1,0.57,0.17,17632,22.997869968414307
0.59,0.77,0.35,0.44,1.0,0.96,0.1,0.57,0.17,17491,23.001870155334473
0.59,0.78,0.34,0.44,1.0,0.96,0.1,0.57,0.17,17294,23.005948066711426
0.59,0.78,0.35,0.44,1.0,0.96,0.1,0.57,0.17,17457,23.009939193725586
0.58,0.78,0.34,0.44,1.0,0.96,0.1,0.57,0.17,17208,23.013209104537964
0.59,0.78,0.34,0.43,1.0,0.96,0.1,0.57,0.17,17093,23.0139479637146
0.6,0.78,0.34,0.43,1.01,0.95,0.1,0.57,0.17,17038,23.017948150634766
0.59,0.78,0.35,0.44,1.0,0.95,0.1,0.57,0.17,16787,23.022743701934814
0.59,0.78,0.35,0.44,1.01,0.96,0.1,0.58,0.17,16994,23.02525758743286
0.59,0.78,0.34,0.43,1.0,0.96,0.1,0.57,0.17,17589,23.02627444267273
0.59,0.78,0.34,0.44,1.0,0.96,0.1,0.57,0.17,17402,23.03110671043396
0.59,0.78,0.34,0.44,1.0,0.96,0.1,0.57,0.17,17775,23.035107851028442
0.59,0.78,0.35,0.44,1.0,0.96,0.1,0.57,0.17,18028,23.03819489479065
0.59,0.78,0.34,0.44,1.0,0.96,0.11,0.57,0.17,17715,23.039108991622925
0.59,0.78,0.34,0.44,1.0,0.96,0.1,0.57,0.17,17654,23.042105436325073
0.6,0.78,0.34,0.45,1.0,0.95,0.1,0.57,0.17,17829,23.04614496231079
0.6,0.78,0.35,0.44,1.01,0.96,0.1,0.57,0.17,17830,23.050182580947876
0.6,0.78,0.35,0.44,1.0,0.96,0.1,0.57,0.17,17613,23.050182580947876
0.6,0.77,0.35,0.44,1.01,0.96,0.1,0.57,0.17,17720,23.05420231819153
0.59,0.78,0.34,0.45,1.01,0.96,0.1,0.57,0.17,18007,23.059203147888184
0.6,0.78,0.35,0.44,1.01,0.96,0.1,0.57,0.17,17866,23.06229519844055
0.59,0.78,0.35,0.44,1.01,0.96,0.1,0.57,0.17,17207,23.063296794891357
0.6,0.78,0.35,0.44,1.01,0.96,0.09,0.57,0.17,17110,23.066333055496216
0.6,0.77,0.35,0.45,1.01,0.96,0.1,0.57,0.17,17033,23.071261167526245
0.6,0.78,0.34,0.44,1.01,0.95,0.1,0.57,0.17,17240,23.075371503829956
0.6,0.78,0.35,0.44,1.01,0.96,0.1,0.57,0.17,17551,23.07841396331787
0.59,0.78,0.35,0.44,1.01,0.96,0.1,0.57,0.17,17186,23.07942819595337
0.59,0.78,0.34,0.44,1.01,0.95,0.1,0.57,0.17,17171,23.082550287246704
0.6,0.78,0.35,0.44,1.01,0.95,0.1,0.57,0.17,17544,23.087655305862427
0.59,0.78,0.35,0.44,1.01,0.96,0.1,0.57,0.17,17685,23.090497732162476
0.6,0.78,0.35,0.44,1.01,0.95,0.1,0.57,0.17,17628,23.091542720794678
0.6,0.77,0.35,0.44,1.01,0.95,0.1,0.57,0.17,17429,23.094550609588623
0.6,0.78,0.35,0.44,1.01,0.96,0.1,0.57,0.17,17176,23.099428415298462
0.6,0.78,0.35,0.45,1.01,0.95,0.1,0.57,0.17,16999,23.102733850479126
0.59,0.78,0.35,0.44,1.01,0.95,0.1,0.57,0.17,17236,23.10373616218567
0.59,0.78,0.34,0.43,1.01,0.95,0.1,0.57,0.17,17501,23.107741355895996
0.6,0.78,0.35,0.44,1.01,0.95,0.1,0.57,0.17,17644,23.11174201965332
0.6,0.78,0.35,0.44,1.01,0.95,0.1,0.57,0.17,17297,23.11604356765747
0.59,0.78,0.35,0.44,1.0,0.95,0.1,0.57,0.17,17262,23.117045402526855
0.6,0.78,0.35,0.43,1.01,0.95,0.1,0.57,0.17,17629,23.120054244995117
0.59,0.78,0.35,0.43,1.01,0.95,0.1,0.57,0.17,17882,23.124178647994995
0.6,0.78,0.35,0.43,1.01,0.95,0.1,0.57,0.17,17443,23.12839984893799
0.59,0.78,0.35,0.44,1.01,0.95,0.1,0.57,0.17,17412,23.12839984893799
0.6,0.77,0.35,0.44,1.01,0.95,0.1,0.57,0.17,17273,23.132418632507324
0.59,0.78,0.35,0.44,1.01,0.95,0.1,0.58,0.17,17280,23.13691806793213
0.6,0.77,0.35,0.44,1.01,0.95,0.1,0.58,0.17,17375,23.141183137893677
0.6,0.77,0.35,0.44,1.01,0.95,0.1,0.57,0.17,17448,23.144602298736572
0.59,0.77,0.35,0.44,1.01,0.95,0.1,0.57,0.18,17899,23.144602298736572
0.6,0.77,0.35,0.44,1.01,0.95,0.1,0.58,0.17,17638,23.148509740829468
0.59,0.77,0.35,0.43,1.0,0.95,0.1,0.57,0.17,17473,23.152782917022705
0.59,0.77,0.35,0.44,1.01,0.95,0.1,0.58,0.17,17336,23.156846284866333
0.59,0.78,0.35,0.44,1.0,0.95,0.1,0.57,0.17,17225,23.157846212387085
0.6,0.77,0.35,0.44,1.01,0.95,0.1,0.58,0.17,17326,23.16184687614441
0.6,0.77,0.35,0.44,1.01,0.96,0.09,0.57,0.17,17317,23.16529631614685
0.6,0.77,0.35,0.43,1.01,0.95,0.1,0.57,0.17,17426,23.169294595718384
0.6,0.77,0.35,0.44,1.01,0.95,0.1,0.57,0.17,17373,23.17027473449707
0.6,0.77,0.35,0.44,1.02,0.95,0.1,0.58,0.17,17626,23.173274755477905
0.6,0.77,0.35,0.43,1.01,0.95,0.1,0.57,0.17,17815,23.178321599960327
0.59,0.77,0.35,0.44,1.01,0.95,0.1,0.57,0.17,17334,23.181846380233765
0.6,0.77,0.35,0.44,1.01,0.95,0.1,0.57,0.17,17321,23.181846380233765
0.59,0.77,0.35,0.44,1.01,0.95,0.1,0.57,0.17,17168,23.1861572265625
0.59,0.77,0.35,0.44,1.01,0.95,0.1,0.57,0.18,17277,23.190704345703125
0.59,0.77,0.35,0.44,1.01,0.95,0.1,0.57,0.18,17624,23.19386911392212
0.59,0.77,0.35,0.44,1.01,0.95,0.1,0.57,0.18,17947,23.194704294204712
0.59,0.76,0.35,0.44,1.02,0.95,0.1,0.58,0.17,17664,23.197927474975586
0.6,0.76,0.35,0.43,1.02,0.95,0.1,0.58,0.17,17303,23.20197820663452
0.59,0.77,0.35,0.44,1.02,0.95,0.1,0.57,0.17,17378,23.20619821548462
0.59,0.77,0.35,0.44,1.02,0.96,0.1,0.57,0.17,18067,23.2072434425354
0.59,0.77,0.35,0.44,1.02,0.96,0.1,0.58,0.17,17966,23.20970392227173
0.59,0.77,0.35,0.44,1.02,0.95,0.1,0.57,0.17,17339,23.21463942527771
0.6,0.76,0.35,0.44,1.01,0.95,0.1,0.58,0.17,16912,23.218666315078735
0.6,0.77,0.35,0.43,1.01,0.95,0.1,0.58,0.17,17141,23.222008228302002
0.59,0.77,0.35,0.44,1.01,0.96,0.1,0.58,0.17,17580,23.222667694091797
0.59,0.77,0.35,0.44,1.01,0.95,0.1,0.57,0.17,17587,23.226661682128906
0.59,0.77,0.35,0.44,1.01,0.95,0.1,0.58,0.17,17412,23.23166537284851
0.6,0.77,0.35,0.44,1.01,0.95,0.1,0.58,0.18,17107,23.23422122001648
0.59,0.77,0.35,0.44,1.01,0.95,0.11,0.57,0.17,17008,23.235371112823486
0.59,0.77,0.35,0.44,1.01,0.96,0.1,0.58,0.17,17341,23.239428281784058
0.6,0.78,0.35,0.44,1.01,0.95,0.1,0.57,0.17,17766,23.243776321411133
0.59,0.77,0.35,0.44,1.01,0.95,0.11,0.57,0.18,18019,23.2470703125
0.59,0.77,0.35,0.44,1.01,0.95,0.1,0.57,0.17,17416,23.248116493225098
0.59,0.77,0.35,0.44,1.01,0.95,0.1,0.57,0.17,17145,23.25211238861084
0.59,0.77,0.35,0.44,1.02,0.95,0.1,0.58,0.17,17466,23.25540852546692
0.59,0.77,0.36,0.44,1.02,0.96,0.1,0.57,0.17,17083,23.259408235549927
0.59,0.77,0.35,0.44,1.02,0.96,0.1,0.57,0.17,17334,23.260403156280518
0.6,0.77,0.35,0.44,1.02,0.95,0.1,0.57,0.17,17493,23.26322364807129
0.6,0.77,0.35,0.43,1.02,0.95,0.1,0.57,0.17,17488,23.267838716506958
0.6,0.77,0.35,0.43,1.01,0.95,0.1,0.57,0.17,17359,23.271031618118286
0.6,0.77,0.35,0.43,1.01,0.95,0.1,0.57,0.17,17382,23.27205181121826
0.59,0.77,0.35,0.43,1.01,0.95,0.1,0.57,0.17,17339,23.27502417564392
0.6,0.77,0.35,0.44,1.02,0.95,0.1,0.57,0.17,17464,23.28001570701599
0.6,0.77,0.35,0.44,1.02,0.95,0.1,0.58,0.17,17559,23.284030437469482
0.59,0.77,0.35,0.43,1.01,0.95,0.1,0.57,0.17,17182,23.285030603408813
0.59,0.77,0.35,0.44,1.01,0.95,0.1,0.57,0.17,17155,23.28774619102478
0.6,0.77,0.35,0.43,1.01,0.95,0.11,0.57,0.17,17280,23.29156470298767
0.59,0.77,0.35,0.44,1.01,0.95,0.1,0.57,0.17,17757,23.29656434059143
0.6,0.77,0.35,0.43,1.01,0.95,0.11,0.57,0.17,17818,23.300162315368652
0.59,0.77,0.35,0.43,1.02,0.95,0.11,0.57,0.17,17707,23.300162315368652
0.59,0.77,0.35,0.43,1.01,0.95,0.1,0.57,0.17,18310,23.304157972335815
0.59,0.78,0.35,0.44,1.01,0.96,0.11,0.57,0.17,17725,23.308448314666748
0.59,0.78,0.35,0.44,1.01,0.96,0.11,0.57,0.17,17262,23.31261658668518
0.59,0.78,0.35,0.44,1.01,0.96,0.1,0.57,0.17,17119,23.313491106033325
0.59,0.78,0.35,0.43,1.01,0.95,0.1,0.57,0.17,16946,23.317227602005005
0.6,0.78,0.35,0.44,1.02,0.95,0.1,0.57,0.17,17105,23.32193875312805
0.6,0.78,0.34,0.44,1.01,0.95,0.11,0.57,0.17,16898,23.324579000473022
0.59,0.78,0.35,0.44,1.02,0.95,0.1,0.57,0.17,17271,23.325582265853882
0.59,0.77,0.35,0.44,1.01,0.95,0.1,0.58,0.17,17750,23.329601526260376
0.59,0.78,0.35,0.44,1.01,0.95,0.1,0.58,0.17,17457,23.333290100097656
0.59,0.77,0.35,0.44,1.02,0.95,0.1,0.58,0.17,17180,23.337295055389404
0.59,0.77,0.35,0.44,1.01,0.95,0.11,0.58,0.17,17221,23.338268280029297
0.58,0.78,0.35,0.44,1.01,0.95,0.11,0.58,0.17,17590,23.341266632080078
0.59,0.78,0.35,0.44,1.02,0.95,0.1,0.58,0.17,18087,23.34626865386963
0.6,0.77,0.34,0.44,1.02,0.95,0.11,0.58,0.17,17884,23.349823474884033
0.59,0.78,0.35,0.44,1.02,0.95,0.1,0.58,0.17,17827,23.349823474884033
0.6,0.78,0.35,0.45,1.02,0.95,0.11,0.58,0.17,17874,23.352877140045166
0.6,0.78,0.35,0.45,1.02,0.95,0.1,0.58,0.17,17867,23.357404947280884
0.6,0.78,0.35,0.45,1.02,0.96,0.1,0.57,0.17,17720,23.36227583885193
0.59,0.78,0.35,0.45,1.02,0.95,0.1,0.58,0.18,17493,23.365839958190918
0.59,0.78,0.35,0.44,1.02,0.95,0.1,0.58,0.17,16972,23.365839958190918
0.59,0.77,0.35,0.45,1.01,0.95,0.11,0.58,0.17,17577,23.370590925216675
0.6,0.78,0.34,0.45,1.01,0.95,0.11,0.58,0.17,17874,23.374953269958496
0.59,0.78,0.35,0.45,1.01,0.95,0.1,0.58,0.17,17867,23.378113269805908
0.59,0.78,0.36,0.45,1.02,0.95,0.1,0.57,0.17,17760,23.378953456878662
0.59,0.78,0.35,0.45,1.02,0.95,0.11,0.57,0.17,17155,23.38228988647461
0.6,0.78,0.35,0.45,1.02,0.95,0.1,0.58,0.17,17446,23.38644576072693
0.59,0.78,0.35,0.44,1.02,0.95,0.11,0.57,0.17,17559,23.390512228012085
0.6,0.78,0.35,0.45,1.02,0.95,0.1,0.58,0.18,17854,23.390512228012085
0.59,0.78,0.35,0.44,1.02,0.95,0.11,0.57,0.17,17879,23.39455223083496
0.6,0.78,0.35,0.45,1.01,0.95,0.11,0.57,0.17,17686,23.399019479751587
0.6,0.78,0.35,0.44,1.02,0.95,0.1,0.57,0.17,17023,23.403019666671753
0.6,0.78,0.35,0.45,1.01,0.95,0.11,0.57,0.18,17154,23.403019666671753
0.6,0.78,0.35,0.45,1.02,0.95,0.11,0.57,0.17,17551,23.40737533569336
0.6,0.78,0.35,0.44,1.01,0.95,0.11,0.57,0.17,17506,23.411227464675903
0.6,0.78,0.35,0.45,1.01,0.95,0.1,0.57,0.17,17511,23.414978742599487
0.6,0.78,0.35,0.45,1.01,0.95,0.1,0.57,0.17,17338,23.416043996810913
0.6,0.78,0.35,0.44,1.01,0.95,0.11,0.57,0.17,17045,23.420036554336548
0.6,0.78,0.35,0.45,1.01,0.95,0.11,0.57,0.17,17158,23.423293113708496
0.61,0.78,0.35,0.45,1.02,0.95,0.1,0.57,0.17,17811,23.427412033081055
0.6,0.78,0.35,0.45,1.02,0.95,0.11,0.57,0.17,17936,23.431253671646118
0.61,0.78,0.35,0.44,1.02,0.95,0.11,0.58,0.17,17739,23.431253671646118
0.61,0.78,0.35,0.44,1.01,0.95,0.11,0.58,0.17,17422,23.436270475387573
0.61,0.77,0.35,0.45,1.01,0.95,0.11,0.57,0.17,17363,23.43965435028076
0.61,0.78,0.35,0.44,1.01,0.96,0.11,0.57,0.17,17236,23.443779468536377
0.6,0.78,0.35,0.45,1.02,0.95,0.1,0.57,0.17,17467,23.444705963134766
0.6,0.78,0.35,0.45,1.02,0.95,0.09,0.58,0.17,17432,23.447747230529785
0.6,0.78,0.35,0.44,1.01,0.95,0.1,0.57,0.18,17289,23.4527325630188
0.6,0.78,0.35,0.45,1.02,0.95,0.11,0.57,0.17,17308,23.456233263015747
0.6,0.78,0.35,0.45,1.02,0.95,0.1,0.58,0.17,17427,23.457237482070923
0.6,0.78,0.35,0.44,1.01,0.95,0.11,0.58,0.17,17708,23.460529565811157
0.61,0.78,0.35,0.43,1.01,0.95,0.1,0.57,0.17,17971,23.464593410491943
0.61,0.78,0.35,0.44,1.01,0.96,0.11,0.58,0.17,17238,23.46821880340576
0.61,0.78,0.36,0.44,1.01,0.95,0.1,0.58,0.17,16859,23.469284534454346
0.61,0.78,0.35,0.44,1.01,0.95,0.11,0.58,0.17,16902,23.472408533096313
0.61,0.78,0.35,0.44,1.01,0.95,0.11,0.58,0.18,17315,23.47658681869507
0.61,0.78,0.35,0.45,1.01,0.95,0.11,0.58,0.17,17374,23.480809926986694
0.6,0.78,0.35,0.45,1.01,0.95,0.1,0.58,0.17,17239,23.480809926986694
0.6,0.78,0.35,0.44,1.02,0.95,0.11,0.57,0.17,17138,23.484963178634644
0.6,0.78,0.35,0.44,1.01,0.95,0.11,0.58,0.17,17567,23.489434003829956
0.6,0.78,0.35,0.44,1.01,0.95,0.11,0.57,0.17,17534,23.492990016937256
0.6,0.78,0.35,0.44,1.01,0.96,0.1,0.57,0.17,17615,23.494023084640503
0.6,0.78,0.35,0.45,1.01,0.95,0.1,0.57,0.17,17768,23.496848821640015
0.6,0.78,0.35,0.44,1.01,0.95,0.11,0.57,0.17,17757,23.502115488052368
0.61,0.78,0.35,0.44,1.01,0.96,0.11,0.57,0.17,17738,23.50501012802124
0.6,0.78,0.35,0.45,1.01,0.96,0.11,0.57,0.17,17319,23.509243488311768
0.61,0.78,0.35,0.45,1.01,0.96,0.11,0.57,0.17,17148,23.510061025619507
0.6,0.78,0.35,0.45,1.01,0.95,0.11,0.57,0.17,16895,23.51344108581543
0.61,0.78,0.35,0.45,1.01,0.95,0.11,0.58,0.17,17162,23.517812490463257
0.6,0.78,0.35,0.45,1.01,0.95,0.11,0.57,0.17,17415,23.52136516571045
0.61,0.78,0.35,0.45,1.01,0.96,0.11,0.57,0.17,17294,23.52136516571045
0.61,0.78,0.35,0.44,1.02,0.95,0.11,0.58,0.17,17217,23.525609731674194
0.61,0.78,0.35,0.45,1.02,0.96,0.1,0.57,0.17,17662,23.53037405014038
0.61,0.78,0.35,0.44,1.02,0.95,0.1,0.57,0.17,17619,23.53388500213623
0.61,0.78,0.35,0.45,1.01,0.95,0.11,0.58,0.17,17510,23.534939765930176
0.59,0.78,0.35,0.44,1.02,0.95,0.1,0.57,0.17,17745,23.538315773010254
0.61,0.78,0.35,0.45,1.02,0.95,0.11,0.57,0.17,17658,23.5424702167511
0.6,0.78,0.35,0.45,1.02,0.96,0.1,0.57,0.17,17647,23.54643487930298
0.6,0.78,0.36,0.45,1.02,0.95,0.1,0.57,0.17,17108,23.54643487930298
0.61,0.78,0.36,0.45,1.02,0.96,0.11,0.57,0.18,17163,23.55103635787964
0.6,0.77,0.35,0.45,1.02,0.95,0.11,0.58,0.17,17484,23.554581880569458
0.61,0.78,0.35,0.45,1.02,0.95,0.1,0.57,0.17,17397,23.55861520767212
0.6,0.78,0.35,0.45,1.02,0.95,0.1,0.57,0.17,17444,23.55861520767212
0.6,0.78,0.35,0.45,1.02,0.95,0.1,0.57,0.17,17451,23.56222128868103
0.61,0.77,0.35,0.45,1.02,0.96,0.11,0.57,0.17,17712,23.566564798355103
0.6,0.78,0.35,0.45,1.02,0.95,0.1,0.57,0.18,17379,23.570975303649902
0.6,0.78,0.35,0.45,1.02,0.95,0.11,0.57,0.17,17210,23.57161235809326
0.61,0.78,0.35,0.45,1.02,0.95,0.11,0.57,0.18,17417,23.574625730514526
0.6,0.78,0.35,0.45,1.01,0.95,0.1,0.57,0.17,17324,23.579050302505493
0.6,0.78,0.35,0.44,1.02,0.96,0.11,0.58,0.17,17557,23.58347797393799
0.61,0.78,0.35,0.45,1.01,0.96,0.11,0.57,0.17,17346,23.586761713027954
0.61,0.78,0.35,0.45,1.01,0.95,0.11,0.57,0.17,17265,23.58755660057068
0.61,0.77,0.35,0.45,1.02,0.95,0.11,0.57,0.17,17860,23.591540098190308
0.6,0.78,0.35,0.45,1.01,0.95,0.11,0.57,0.18,17861,23.595572233200073
0.61,0.78,0.35,0.45,1.01,0.95,0.11,0.57,0.17,17450,23.599367380142212
0.61,0.78,0.35,0.44,1.01,0.95,0.1,0.58,0.18,17243,23.600370168685913
0.61,0.78,0.35,0.44,1.01,0.95,0.11,0.58,0.17,17236,23.603359937667847
0.6,0.77,0.35,0.44,1.01,0.95,0.11,0.58,0.17,16773,23.608646869659424
0.61,0.77,0.35,0.44,1.01,0.95,0.1,0.58,0.18,17320,23.611572742462158
0.61,0.77,0.35,0.44,1.01,0.95,0.11,0.58,0.17,17589,23.611572742462158
0.6,0.78,0.35,0.45,1.01,0.95,0.11,0.58,0.17,17794,23.61565589904785
0.6,0.78,0.35,0.45,1.02,0.95,0.1,0.58,0.17,17351,23.62027382850647
0.6,0.77,0.36,0.45,1.02,0.95,0.1,0.58,0.17,17304,23.623932123184204
0.6,0.78,0.35,0.45,1.02,0.95,0.1,0.58,0.17,17599,23.62485909461975
0.6,0.78,0.36,0.45,1.01,0.96,0.1,0.58,0.18,17160,23.62832498550415
0.61,0.78,0.35,0.45,1.01,0.95,0.11,0.57,0.17,17113,23.632323741912842
0.61,0.78,0.35,0.45,1.02,0.95,0.11,0.58,0.17,17204,23.635931730270386
0.61,0.78,0.36,0.45,1.02,0.95,0.1,0.57,0.17,17621,23.637022018432617
0.61,0.77,0.35,0.45,1.02,0.96,0.11,0.57,0.17,17558,23.641249656677246
0.6,0.77,0.36,0.45,1.02,0.95,0.1,0.57,0.17,17439,23.644894123077393
0.6,0.77,0.36,0.45,1.02,0.95,0.1,0.57,0.18,17470,23.64900779724121
0.61,0.77,0.36,0.45,1.02,0.95,0.1,0.57,0.17,17155,23.64900779724121
0.6,0.77,0.36,0.44,1.02,0.95,0.1,0.57,0.17,17016,23.653008460998535
0.61,0.77,0.36,0.45,1.02,0.96,0.11,0.57,0.17,17127,23.65664768218994
0.61,0.78,0.36,0.45,1.02,0.96,0.1,0.57,0.17,17338,23.661486864089966
0.6,0.77,0.36,0.45,1.02,0.95,0.1,0.57,0.17,17847,23.661486864089966
0.6,0.77,0.36,0.45,1.02,0.95,0.11,0.57,0.17,17706,23.66580104827881
0.6,0.77,0.36,0.44,1.02,0.96,0.1,0.57,0.17,17223,23.669883728027344
0.6,0.77,0.36,0.45,1.02,0.96,0.1,0.57,0.17,16902,23.674127340316772
0.6,0.77,0.36,0.45,1.02,0.96,0.1,0.58,0.17,17117,23.67695450782776
0.6,0.77,0.36,0.45,1.02,0.96,0.11,0.57,0.17,17564,23.67695450782776
0.6,0.77,0.35,0.45,1.02,0.96,0.1,0.57,0.17,17405,23.68120527267456
0.61,0.77,0.36,0.44,1.02,0.96,0.11,0.57,0.17,17646,23.685396671295166
0.6,0.77,0.36,0.45,1.02,0.96,0.11,0.58,0.17,17635,23.689438104629517
0.6,0.77,0.36,0.45,1.02,0.95,0.1,0.57,0.17,17180,23.689438104629517
0.6,0.77,0.35,0.45,1.02,0.96,0.1,0.57,0.17,16931,23.693621158599854
0.6,0.77,0.36,0.45,1.02,0.95,0.11,0.58,0.17,17532,23.698135137557983
0.6,0.77,0.36,0.45,1.02,0.96,0.11,0.57,0.17,17943,23.70114779472351
0.61,0.78,0.36,0.45,1.01,0.96,0.11,0.57,0.17,17356,23.702147960662842
0.6,0.78,0.36,0.45,1.02,0.96,0.11,0.57,0.17,17047,23.70548677444458
0.6,0.77,0.35,0.45,1.02,0.96,0.11,0.57,0.17,17482,23.70954203605652
0.61,0.77,0.35,0.45,1.02,0.96,0.11,0.58,0.17,17799,23.714086771011353
0.61,0.78,0.35,0.45,1.02,0.96,0.11,0.57,0.17,17588,23.715142011642456
0.61,0.77,0.35,0.46,1.02,0.95,0.11,0.57,0.17,17347,23.7181339263916
0.61,0.77,0.35,0.45,1.02,0.96,0.11,0.58,0.18,17632,23.722254991531372
0.61,0.77,0.35,0.45,1.03,0.96,0.11,0.58,0.17,17925,23.727132558822632
0.6,0.77,0.35,0.45,1.02,0.96,0.11,0.58,0.17,17390,23.727132558822632
0.61,0.77,0.35,0.45,1.02,0.96,0.11,0.57,0.17,16843,23.730703830718994
0.61,0.77,0.35,0.44,1.03,0.96,0.11,0.57,0.17,17128,23.73494005203247
0.61,0.77,0.35,0.45,1.03,0.96,0.11,0.57,0.17,17505,23.738528728485107
0.61,0.77,0.35,0.45,1.03,0.96,0.11,0.57,0.17,17704,23.738528728485107
0.6,0.77,0.35,0.45,1.03,0.96,0.1,0.57,0.17,17373,23.742072343826294
0.6,0.77,0.35,0.45,1.02,0.96,0.11,0.57,0.18,17042,23.747087717056274
0.61,0.77,0.35,0.44,1.03,0.96,0.1,0.57,0.17,17437,23.75138020515442
0.61,0.77,0.35,0.45,1.02,0.96,0.11,0.57,0.17,17716,23.754379272460938
0.6,0.77,0.35,0.45,1.02,0.96,0.1,0.57,0.17,17539,23.754379272460938
0.61,0.77,0.35,0.45,1.02,0.96,0.1,0.57,0.17,17626,23.75841999053955
0.61,0.77,0.35,0.45,1.02,0.96,0.11,0.58,0.17,17753,23.762914180755615
0.6,0.77,0.35,0.45,1.03,0.96,0.11,0.57,0.17,17984,23.767574071884155
0.6,0.77,0.35,0.45,1.02,0.96,0.11,0.57,0.17,17617,23.767574071884155
0.6,0.77,0.35,0.45,1.03,0.96,0.11,0.57,0.17,17290,23.7715744972229
0.61,0.76,0.35,0.45,1.03,0.96,0.1,0.57,0.17,17395,23.775569915771484
0.6,0.77,0.35,0.46,1.03,0.96,0.1,0.57,0.17,17258,23.779608249664307
0.6,0.77,0.35,0.45,1.03,0.96,0.11,0.57,0.17,17489,23.78055477142334
0.6,0.77,0.35,0.45,1.03,0.96,0.11,0.57,0.17,17488,23.784095764160156
0.6,0.77,0.35,0.45,1.03,0.96,0.1,0.57,0.17,17393,23.78737187385559
0.59,0.77,0.35,0.44,1.03,0.96,0.1,0.58,0.17,17364,23.79227876663208
0.6,0.77,0.35,0.45,1.03,0.96,0.11,0.57,0.17,16859,23.79227876663208
0.59,0.77,0.35,0.45,1.03,0.96,0.11,0.57,0.17,17140,23.796245336532593
0.59,0.77,0.35,0.45,1.03,0.96,0.1,0.57,0.17,17369,23.800201177597046
0.59,0.77,0.36,0.45,1.03,0.96,0.1,0.57,0.17,17206,23.804200649261475
0.6,0.77,0.36,0.45,1.03,0.96,0.11,0.57,0.17,17445,23.805180549621582
0.59,0.77,0.36,0.44,1.03,0.95,0.1,0.57,0.17,17500,23.808164596557617
0.59,0.77,0.35,0.45,1.02,0.96,0.1,0.57,0.17,17293,23.81266951560974
0.6,0.77,0.35,0.45,1.02,0.96,0.11,0.57,0.18,17546,23.817177772521973
0.6,0.77,0.36,0.45,1.02,0.96,0.1,0.57,0.17,17415,23.8204448223114
0.6,0.77,0.36,0.45,1.03,0.96,0.1,0.58,0.18,17142,23.821213006973267
0.6,0.77,0.36,0.46,1.02,0.96,0.1,0.57,0.17,17259,23.82524013519287
0.6,0.76,0.35,0.45,1.03,0.96,0.11,0.57,0.17,17756,23.829363346099854
0.6,0.77,0.36,0.45,1.03,0.96,0.11,0.57,0.17,17907,23.832818031311035
0.6,0.77,0.36,0.45,1.02,0.96,0.11,0.58,0.17,17588,23.833872318267822
0.6,0.77,0.36,0.45,1.02,0.95,0.11,0.57,0.17,17545,23.837265968322754
0.6,0.76,0.36,0.45,1.02,0.95,0.11,0.57,0.17,17620,23.84202265739441
0.6,0.76,0.36,0.46,1.02,0.96,0.11,0.57,0.18,17119,23.844933032989502
0.6,0.77,0.36,0.46,1.03,0.96,0.11,0.57,0.17,17360,23.846014976501465
0.6,0.77,0.36,0.46,1.03,0.96,0.11,0.57,0.18,17281,23.849581003189087
0.6,0.77,0.36,0.46,1.02,0.96,0.11,0.57,0.18,16920,23.853602170944214
0.6,0.77,0.36,0.46,1.02,0.96,0.11,0.57,0.17,17141,23.857601642608643
0.6,0.76,0.36,0.46,1.03,0.96,0.11,0.57,0.17,17358,23.858598470687866
0.6,0.76,0.35,0.45,1.03,0.96,0.11,0.57,0.17,17177,23.86159348487854
0.6,0.76,0.36,0.45,1.02,0.96,0.11,0.58,0.18,17054,23.865309953689575
0.6,0.76,0.36,0.45,1.02,0.96,0.11,0.57,0.17,17139,23.87019681930542
0.6,0.76,0.36,0.45,1.03,0.96,0.1,0.57,0.17,17576,23.87019681930542
0.6,0.76,0.36,0.45,1.03,0.96,0.11,0.58,0.17,17743,23.87320590019226
0.6,0.76,0.36,0.45,1.03,0.96,0.11,0.58,0.17,17724,23.877864837646484
0.6,0.76,0.36,0.45,1.03,0.96,0.11,0.57,0.18,17505,23.881863355636597
0.6,0.77,0.36,0.45,1.03,0.96,0.11,0.57,0.17,17510,23.882911443710327
0.6,0.76,0.36,0.46,1.02,0.96,0.11,0.58,0.17,17457,23.886955738067627
0.6,0.77,0.36,0.46,1.03,0.96,0.1,0.57,0.18,17264,23.891120195388794
0.61,0.76,0.36,0.46,1.02,0.96,0.11,0.58,0.17,17607,23.89401888847351
0.6,0.77,0.36,0.46,1.03,0.96,0.1,0.57,0.18,17558,23.898263454437256
0.6,0.77,0.36,0.46,1.03,0.96,0.1,0.57,0.17,17197,23.899309873580933
0.61,0.77,0.36,0.46,1.03,0.96,0.1,0.58,0.18,17350,23.902328491210938
0.6,0.77,0.36,0.46,1.02,0.96,0.11,0.57,0.17,17343,23.906294345855713
0.6,0.77,0.36,0.45,1.02,0.96,0.11,0.57,0.17,17284,23.910584926605225
0.6,0.77,0.36,0.45,1.02,0.96,0.11,0.57,0.17,17539,23.91131067276001
0.6,0.77,0.36,0.45,1.02,0.96,0.11,0.57,0.18,17678,23.915058612823486
0.6,0.77,0.36,0.45,1.02,0.96,0.11,0.57,0.17,17819,23.919163465499878
0.6,0.77,0.36,0.45,1.02,0.96,0.11,0.57,0.17,17786,23.923567056655884
0.6,0.77,0.36,0.45,1.02,0.96,0.11,0.58,0.18,17041,23.923567056655884
0.6,0.77,0.36,0.45,1.02,0.96,0.11,0.58,0.17,17220,23.927881479263306
0.6,0.77,0.36,0.46,1.02,0.96,0.11,0.58,0.17,17141,23.93111777305603
0.61,0.77,0.36,0.45,1.02,0.96,0.1,0.58,0.18,16990,23.93564486503601
0.6,0.77,0.36,0.45,1.02,0.96,0.11,0.57,0.17,17097,23.93664574623108
0.6,0.77,0.36,0.45,1.02,0.96,0.1,0.57,0.17,17174,23.939652919769287
0.61,0.77,0.36,0.45,1.02,0.96,0.1,0.57,0.17,17447,23.94365429878235
0.6,0.77,0.35,0.45,1.02,0.95,0.1,0.58,0.17,17690,23.94797396659851
0.6,0.77,0.36,0.45,1.02,0.96,0.1,0.57,0.17,17353,23.94797396659851
0.6,0.77,0.36,0.45,1.02,0.96,0.11,0.57,0.18,17422,23.951257467269897
0.61,0.77,0.36,0.45,1.02,0.96,0.11,0.57,0.17,17417,23.95648503303528
0.61,0.77,0.36,0.44,1.02,0.97,0.1,0.58,0.17,17564,23.959726572036743
0.61,0.77,0.36,0.45,1.03,0.96,0.1,0.57,0.17,17553,23.96400809288025
0.6,0.77,0.36,0.45,1.02,0.96,0.1,0.58,0.17,17540,23.96499252319336
0.61,0.77,0.36,0.45,1.02,0.96,0.11,0.57,0.17,17537,23.96814489364624
0.61,0.77,0.35,0.45,1.03,0.96,0.11,0.57,0.17,17696,23.973196268081665
0.61,0.76,0.36,0.46,1.02,0.96,0.11,0.58,0.17,17615,23.97538924217224
0.61,0.76,0.36,0.46,1.02,0.96,0.11,0.58,0.17,17504,23.976384162902832
0.61,0.77,0.36,0.45,1.03,0.96,0.11,0.58,0.17,17519,23.98097252845764
0.61,0.77,0.36,0.45,1.02,0.96,0.11,0.57,0.17,17092,23.984456062316895
0.61,0.76,0.36,0.45,1.03,0.96,0.11,0.57,0.17,17143,23.98842692375183
0.61,0.76,0.36,0.45,1.03,0.96,0.11,0.57,0.18,17514,23.989471912384033
0.61,0.77,0.36,0.45,1.03,0.96,0.11,0.58,0.17,17149,23.991840362548828
0.61,0.76,0.36,0.45,1.03,0.96,0.11,0.58,0.18,17140,23.996906518936157
0.61,0.76,0.36,0.45,1.03,0.96,0.1,0.58,0.17,17489,24.00075650215149
0.6,0.77,0.36,0.45,1.03,0.96,0.11,0.58,0.17,17298,24.00075650215149
0.61,0.77,0.36,0.45,1.02,0.96,0.1,0.58,0.17,16937,24.00580930709839
0.61,0.76,0.36,0.45,1.03,0.96,0.11,0.58,0.18,16880,24.00887393951416
0.61,0.76,0.36,0.45,1.02,0.96,0.11,0.58,0.17,17079,24.01344060897827
0.61,0.77,0.36,0.45,1.02,0.96,0.11,0.58,0.18,17290,24.01344060897827
0.61,0.77,0.36,0.45,1.02,0.96,0.11,0.58,0.17,17665,24.01745343208313
0.62,0.77,0.36,0.46,1.02,0.96,0.11,0.58,0.18,17122,24.021464586257935
0.61,0.77,0.36,0.46,1.03,0.96,0.11,0.58,0.18,17233,24.025548219680786
0.61,0.77,0.36,0.46,1.02,0.96,0.11,0.58,0.17,17248,24.026454210281372
0.6,0.77,0.36,0.45,1.02,0.96,0.11,0.58,0.18,17017,24.02946138381958
0.61,0.77,0.36,0.46,1.02,0.96,0.1,0.59,0.18,17078,24.03420376777649
0.61,0.77,0.36,0.45,1.02,0.96,0.1,0.58,0.18,17041,24.038154125213623
0.61,0.76,0.36,0.46,1.02,0.96,0.11,0.58,0.17,16874,24.041172981262207
0.61,0.76,0.36,0.45,1.02,0.96,0.11,0.58,0.18,17875,24.042146682739258
0.61,0.77,0.36,0.45,1.03,0.96,0.11,0.58,0.18,17922,24.046149969100952
0.61,0.76,0.36,0.46,1.03,0.96,0.11,0.58,0.18,17411,24.050153493881226
0.61,0.76,0.36,0.46,1.03,0.96,0.11,0.58,0.18,17596,24.053473234176636
0.61,0.76,0.36,0.45,1.03,0.96,0.11,0.58,0.18,17423,24.054531574249268
0.62,0.76,0.36,0.46,1.02,0.96,0.11,0.58,0.18,17352,24.057560443878174
0.62,0.76,0.36,0.46,1.03,0.95,0.11,0.58,0.18,17141,24.063271522521973
0.61,0.76,0.36,0.45,1.02,0.96,0.11,0.58,0.18,16920,24.066264152526855
0.61,0.76,0.36,0.46,1.02,0.96,0.11,0.58,0.18,17049,24.06730842590332
0.61,0.76,0.35,0.45,1.03,0.96,0.11,0.58,0.18,17796,24.070661783218384
0.61,0.77,0.35,0.45,1.03,0.96,0.11,0.58,0.18,17753,24.075026750564575
0.61,0.77,0.35,0.46,1.03,0.96,0.11,0.58,0.17,17522,24.078253984451294
0.61,0.77,0.35,0.45,1.02,0.96,0.11,0.58,0.18,17607,24.078253984451294
0.62,0.76,0.35,0.45,1.03,0.96,0.11,0.58,0.18,17034,24.083242893218994
0.62,0.76,0.35,0.45,1.02,0.96,0.11,0.58,0.17,17141,24.08646273612976
0.62,0.77,0.35,0.46,1.03,0.96,0.11,0.58,0.18,17324,24.090442419052124
0.62,0.77,0.35,0.45,1.03,0.95,0.11,0.58,0.18,17175,24.09143304824829
0.62,0.77,0.35,0.45,1.03,0.95,0.11,0.58,0.18,17144,24.09458351135254
0.62,0.77,0.35,0.46,1.02,0.96,0.11,0.58,0.18,16903,24.099096059799194
0.62,0.77,0.35,0.46,1.02,0.95,0.11,0.58,0.18,17096,24.102957725524902
0.62,0.77,0.35,0.45,1.02,0.95,0.11,0.58,0.17,17673,24.106987714767456
0.62,0.77,0.35,0.46,1.02,0.96,0.11,0.58,0.18,17554,24.108107089996338
0.61,0.77,0.35,0.46,1.02,0.96,0.11,0.58,0.18,17185,24.11119246482849
0.62,0.76,0.35,0.46,1.02,0.96,0.11,0.58,0.18,17290,24.115522384643555
0.62,0.77,0.36,0.45,1.02,0.96,0.11,0.58,0.18,17383,24.11852192878723
0.61,0.77,0.35,0.46,1.02,0.96,0.1,0.58,0.18,17516,24.119532823562622
0.61,0.77,0.35,0.45,1.03,0.96,0.11,0.58,0.18,17653,24.123562574386597
0.61,0.77,0.35,0.46,1.03,0.96,0.11,0.58,0.18,17464,24.1280038356781
0.62,0.77,0.35,0.45,1.03,0.96,0.11,0.57,0.18,17119,24.131033658981323
0.61,0.77,0.35,0.46,1.02,0.96,0.11,0.58,0.18,17170,24.132067918777466
0.62,0.77,0.35,0.46,1.03,0.96,0.11,0.58,0.17,17737,24.136075258255005
0.61,0.76,0.35,0.45,1.02,0.95,0.11,0.58,0.17,17768,24.14040207862854
0.61,0.76,0.35,0.45,1.02,0.96,0.1,0.58,0.18,17751,24.143566608428955
0.62,0.77,0.35,0.45,1.03,0.96,0.11,0.58,0.17,17600,24.14457893371582
0.61,0.77,0.35,0.46,1.03,0.96,0.11,0.57,0.17,17319,24.148651361465454
0.62,0.77,0.35,0.45,1.03,0.96,0.11,0.57,0.17,17402,24.152026891708374
0.62,0.76,0.35,0.45,1.03,0.95,0.11,0.57,0.17,17445,24.15615200996399
0.62,0.77,0.35,0.45,1.03,0.96,0.11,0.57,0.18,17164,24.157148599624634
0.62,0.76,0.35,0.45,1.03,0.96,0.11,0.57,0.18,17351,24.160123825073242
0.62,0.76,0.35,0.46,1.03,0.96,0.11,0.57,0.17,17224,24.16429615020752
0.62,0.76,0.35,0.45,1.03,0.96,0.11,0.58,0.18,17107,24.1685311794281
0.62,0.76,0.35,0.45,1.03,0.95,0.11,0.58,0.18,17016,24.171531200408936
0.62,0.77,0.35,0.45,1.02,0.96,0.11,0.58,0.18,17163,24.172536849975586
0.62,0.77,0.35,0.45,1.03,0.96,0.11,0.58,0.18,17724,24.176530361175537
0.62,0.77,0.36,0.45,1.02,0.96,0.11,0.58,0.18,17449,24.180826902389526
0.62,0.77,0.36,0.45,1.03,0.96,0.11,0.58,0.18,17254,24.18404984474182
0.62,0.77,0.35,0.45,1.03,0.96,0.11,0.57,0.17,17173,24.18540382385254
0.62,0.77,0.35,0.45,1.03,0.96,0.11,0.57,0.18,17172,24.18878746032715
0.62,0.77,0.36,0.46,1.03,0.96,0.11,0.58,0.18,17599,24.1939218044281
0.62,0.77,0.36,0.45,1.03,0.96,0.11,0.58,0.18,17398,24.197032928466797
0.62,0.77,0.35,0.45,1.02,0.96,0.11,0.58,0.18,17225,24.198153018951416
0.62,0.77,0.35,0.45,1.03,0.96,0.11,0.57,0.17,17834,24.20123791694641
0.61,0.77,0.36,0.45,1.02,0.96,0.09,0.58,0.18,17545,24.206218004226685
0.6,0.77,0.35,0.45,1.02,0.96,0.11,0.58,0.18,17172,24.209653854370117
0.6,0.77,0.35,0.45,1.03,0.96,0.11,0.58,0.18,16939,24.209653854370117
0.61,0.77,0.35,0.45,1.02,0.96,0.11,0.58,0.17,17206,24.2136332988739
0.61,0.77,0.35,0.45,1.03,0.96,0.11,0.58,0.17,17299,24.2190043926239
0.6,0.77,0.35,0.45,1.03,0.96,0.11,0.58,0.18,17460,24.22235870361328
0.61,0.77,0.35,0.45,1.02,0.96,0.11,0.57,0.17,17011,24.22235870361328
0.61,0.77,0.36,0.45,1.03,0.96,0.1,0.58,0.17,17056,24.22712755203247
0.61,0.77,0.36,0.45,1.03,0.96,0.1,0.57,0.18,17413,24.23063087463379
0.61,0.77,0.36,0.45,1.03,0.96,0.11,0.57,0.17,17400,24.234747648239136
0.61,0.77,0.35,0.45,1.03,0.96,0.11,0.57,0.18,17327,24.234747648239136
0.61,0.77,0.36,0.45,1.03,0.96,0.11,0.57,0.17,17608,24.238831043243408
0.61,0.77,0.35,0.45,1.03,0.96,0.1,0.58,0.18,17373,24.242382287979126
0.61,0.77,0.35,0.44,1.03,0.96,0.1,0.58,0.18,16874,24.246589422225952
0.61,0.77,0.36,0.45,1.03,0.96,0.11,0.58,0.18,17199,24.25063920021057
0.61,0.77,0.36,0.45,1.03,0.96,0.11,0.58,0.18,17656,24.25063920021057
0.6,0.76,0.36,0.45,1.03,0.96,0.11,0.57,0.18,17555,24.25487232208252
0.59,0.77,0.35,0.45,1.03,0.96,0.11,0.57,0.18,17684,24.258869409561157
0.6,0.77,0.36,0.46,1.03,0.96,0.11,0.57,0.18,17463,24.263014316558838
0.6,0.77,0.36,0.45,1.03,0.96,0.11,0.58,0.18,17518,24.263872623443604
0.59,0.76,0.36,0.45,1.03,0.96,0.11,0.58,0.18,17277,24.267334938049316
0.59,0.77,0.36,0.45,1.03,0.96,0.11,0.58,0.18,17242,24.27219820022583
0.59,0.77,0.36,0.44,1.03,0.96,0.11,0.58,0.18,17423,24.274872303009033
0.59,0.77,0.35,0.45,1.03,0.96,0.11,0.58,0.17,17628,24.274872303009033
0.59,0.77,0.36,0.45,1.03,0.97,0.11,0.58,0.18,17579,24.279417514801025
0.59,0.77,0.36,0.45,1.03,0.96,0.11,0.58,0.18,17470,24.28407311439514
0.59,0.76,0.36,0.45,1.03,0.96,0.1,0.58,0.18,17351,24.287092924118042
0.59,0.77,0.36,0.45,1.03,0.96,0.1,0.58,0.18,17322,24.28809952735901
0.59,0.76,0.36,0.45,1.03,0.96,0.11,0.58,0.18,17433,24.29109477996826
0.59,0.77,0.36,0.45,1.03,0.96,0.1,0.58,0.18,17360,24.296191453933716
0.59,0.76,0.35,0.45,1.03,0.96,0.11,0.58,0.18,17131,24.299715280532837
0.59,0.76,0.36,0.45,1.03,0.96,0.11,0.58,0.18,17434,24.299715280532837
0.59,0.76,0.36,0.45,1.02,0.96,0.1,0.58,0.18,17549,24.30349612236023
0.58,0.76,0.36,0.45,1.03,0.96,0.1,0.58,0.18,17498,24.30801296234131
0.58,0.76,0.36,0.45,1.03,0.96,0.1,0.58,0.17,17707,24.31209659576416
0.59,0.76,0.36,0.44,1.03,0.96,0.11,0.58,0.18,17818,24.316067934036255
0.59,0.76,0.36,0.45,1.03,0.96,0.11,0.58,0.18,17735,24.317123889923096
0.59,0.76,0.35,0.44,1.03,0.96,0.1,0.58,0.18,17446,24.321120023727417
0.59,0.77,0.36,0.45,1.02,0.96,0.11,0.58,0.18,17663,24.324565887451172
0.59,0.76,0.36,0.44,1.03,0.96,0.1,0.59,0.18,17572,24.32858180999756
0.58,0.76,0.36,0.44,1.02,0.96,0.1,0.58,0.18,17207,24.32858180999756
0.59,0.76,0.36,0.44,1.03,0.96,0.1,0.58,0.18,17236,24.33288073539734
0.59,0.76,0.36,0.44,1.02,0.96,0.1,0.58,0.18,17231,24.337190866470337
0.59,0.76,0.36,0.44,1.02,0.96,0.1,0.59,0.18,17312,24.340280532836914
0.59,0.76,0.36,0.45,1.03,0.96,0.1,0.59,0.18,17457,24.340280532836914
0.59,0.76,0.36,0.44,1.02,0.96,0.1,0.59,0.18,16978,24.345843076705933
0.59,0.76,0.36,0.44,1.02,0.96,0.11,0.59,0.18,17475,24.34958839416504
0.59,0.76,0.36,0.44,1.02,0.96,0.11,0.59,0.18,17910,24.35319447517395
0.59,0.76,0.36,0.44,1.02,0.96,0.1,0.58,0.18,17631,24.354181051254272
0.59,0.77,0.35,0.44,1.02,0.96,0.1,0.58,0.18,17022,24.357583045959473
0.59,0.77,0.36,0.44,1.03,0.96,0.1,0.58,0.18,17143,24.36158299446106
0.59,0.76,0.36,0.44,1.02,0.96,0.11,0.59,0.18,17654,24.365583419799805
0.6,0.76,0.36,0.43,1.03,0.96,0.11,0.59,0.18,17149,24.365583419799805
0.59,0.77,0.36,0.44,1.02,0.96,0.11,0.58,0.18,17170,24.369704961776733
0.59,0.76,0.36,0.43,1.02,0.96,0.11,0.59,0.18,17471,24.374170780181885
0.59,0.77,0.36,0.43,1.02,0.96,0.1,0.59,0.18,17510,24.37732195854187
0.59,0.77,0.36,0.43,1.02,0.96,0.1,0.59,0.18,17045,24.37843632698059
0.6,0.77,0.36,0.44,1.03,0.96,0.11,0.59,0.18,17110,24.38128685951233
0.6,0.77,0.36,0.44,1.02,0.96,0.11,0.59,0.18,17491,24.385327577590942
0.59,0.76,0.36,0.44,1.03,0.96,0.11,0.59,0.18,17928,24.389339447021484
0.59,0.76,0.36,0.44,1.02,0.96,0.11,0.59,0.18,17511,24.393322706222534
0.59,0.77,0.35,0.44,1.03,0.96,0.11,0.59,0.18,17522,24.394323348999023
0.59,0.77,0.36,0.44,1.02,0.96,0.11,0.58,0.18,17667,24.39832305908203
0.59,0.76,0.36,0.44,1.03,0.96,0.11,0.59,0.18,17756,24.402382612228394
0.59,0.76,0.35,0.44,1.03,0.96,0.11,0.58,0.18,17483,24.405429363250732
0.59,0.77,0.35,0.43,1.03,0.96,0.11,0.59,0.18,17166,24.406429290771484
0.59,0.76,0.35,0.44,1.03,0.96,0.11,0.59,0.18,17479,24.410435438156128
0.59,0.76,0.35,0.44,1.02,0.96,0.11,0.58,0.17,17416,24.414212942123413
0.59,0.76,0.35,0.45,1.02,0.97,0.11,0.59,0.18,17323,24.41823124885559
0.59,0.77,0.36,0.44,1.02,0.96,0.1,0.58,0.18,17606,24.419262886047363
0.59,0.76,0.36,0.44,1.02,0.96,0.11,0.58,0.18,18019,24.42255711555481
0.59,0.77,0.35,0.43,1.02,0.96,0.1,0.58,0.18,17864,24.426578044891357
0.59,0.77,0.35,0.44,1.02,0.96,0.11,0.58,0.18,17565,24.430577754974365
0.59,0.77,0.35,0.44,1.02,0.97,0.1,0.59,0.18,17138,24.430577754974365
0.59,0.77,0.35,0.44,1.02,0.97,0.11,0.58,0.18,16869,24.43557858467102
0.59,0.77,0.36,0.44,1.02,0.96,0.11,0.58,0.18,17202,24.440110206604004
0.59,0.77,0.36,0.44,1.02,0.96,0.11,0.58,0.18,17473,24.443143129348755
0.59,0.77,0.36,0.43,1.02,0.96,0.1,0.59,0.18,17606,24.444108724594116
0.59,0.77,0.36,0.43,1.02,0.96,0.1,0.58,0.18,17493,24.448203802108765
0.59,0.77,0.36,0.43,1.03,0.96,0.1,0.58,0.18,17778,24.45154047012329
0.59,0.76,0.35,0.43,1.02,0.96,0.1,0.58,0.18,17439,24.45547366142273
0.59,0.77,0.36,0.43,1.03,0.97,0.11,0.58,0.18,17334,24.459513187408447
0.6,0.77,0.36,0.43,1.02,0.96,0.1,0.58,0.18,17249,24.459513187408447
0.59,0.77,0.36,0.44,1.03,0.96,0.1,0.58,0.18,16944,24.463956117630005
0.59,0.77,0.36,0.43,1.02,0.96,0.1,0.58,0.18,17477,24.467968463897705
0.59,0.76,0.36,0.44,1.02,0.96,0.11,0.59,0.18,17942,24.471755743026733
0.6,0.76,0.36,0.44,1.03,0.96,0.11,0.59,0.18,17711,24.472543716430664
0.6,0.76,0.36,0.43,1.03,0.96,0.11,0.58,0.18,18268,24.475958108901978
0.6,0.76,0.36,0.43,1.02,0.96,0.11,0.58,0.18,17651,24.481038331985474
0.6,0.76,0.35,0.44,1.03,0.96,0.11,0.59,0.18,17094,24.48436689376831
0.59,0.76,0.35,0.44,1.03,0.96,0.11,0.59,0.18,17261,24.485374927520752
0.59,0.77,0.35,0.44,1.02,0.96,0.11,0.58,0.18,17638,24.487695455551147
0.6,0.77,0.35,0.44,1.02,0.96,0.1,0.58,0.18,17713,24.491812705993652
0.6,0.76,0.35,0.44,1.03,0.97,0.1,0.59,0.18,17472,24.495821237564087
0.59,0.77,0.35,0.44,1.02,0.96,0.1,0.58,0.18,17451,24.496828317642212
0.6,0.77,0.35,0.44,1.02,0.96,0.1,0.58,0.18,17892,24.500200510025024
0.6,0.77,0.36,0.45,1.02,0.96,0.11,0.58,0.18,17421,24.504303455352783
0.6,0.77,0.35,0.43,1.02,0.96,0.11,0.58,0.18,17244,24.50866389274597
0.6,0.77,0.35,0.43,1.02,0.96,0.11,0.58,0.18,17101,24.50866389274597
0.6,0.77,0.35,0.43,1.02,0.96,0.1,0.58,0.18,16886,24.512686014175415
0.6,0.77,0.35,0.43,1.03,0.96,0.1,0.58,0.18,17393,24.517662286758423
0.6,0.77,0.35,0.43,1.03,0.96,0.1,0.58,0.18,17272,24.521686553955078
0.6,0.77,0.35,0.44,1.03,0.96,0.1,0.58,0.18,17659,24.52503538131714
0.6,0.77,0.36,0.43,1.03,0.96,0.1,0.58,0.18,17614,24.52608561515808
0.6,0.77,0.36,0.43,1.03,0.97,0.1,0.59,0.18,17677,24.529492378234863
0.59,0.76,0.35,0.44,1.02,0.97,0.1,0.58,0.18,17504,24.53391408920288
0.59,0.77,0.35,0.44,1.03,0.96,0.1,0.59,0.18,17893,24.53713321685791
0.59,0.77,0.35,0.43,1.02,0.97,0.1,0.59,0.18,17428,24.537959098815918
0.59,0.77,0.35,0.44,1.02,0.96,0.11,0.58,0.18,17009,24.54214119911194
0.59,0.77,0.35,0.44,1.02,0.96,0.1,0.59,0.18,17292,24.5456702709198
0.59,0.77,0.35,0.44,1.02,0.96,0.09,0.58,0.18,17529,24.54972219467163
0.6,0.77,0.35,0.43,1.02,0.95,0.11,0.59,0.18,17112,24.54972219467163
0.59,0.77,0.35,0.44,1.02,0.96,0.1,0.59,0.18,17289,24.55330801010132
0.6,0.77,0.35,0.44,1.02,0.96,0.11,0.59,0.18,17620,24.557916164398193
0.59,0.77,0.35,0.43,1.02,0.96,0.1,0.58,0.18,17437,24.56205940246582
0.6,0.77,0.36,0.44,1.02,0.96,0.11,0.58,0.18,17224,24.56205940246582
0.6,0.77,0.36,0.44,1.02,0.96,0.1,0.59,0.18,17439,24.565388679504395
0.6,0.76,0.36,0.44,1.02,0.96,0.1,0.58,0.18,17744,24.570424556732178
0.61,0.77,0.35,0.44,1.02,0.96,0.1,0.58,0.18,17329,24.573792695999146
0.6,0.77,0.36,0.44,1.02,0.96,0.1,0.58,0.18,17186,24.574425220489502
0.6,0.77,0.35,0.44,1.02,0.96,0.1,0.59,0.18,17365,24.57842493057251
0.6,0.77,0.36,0.44,1.02,0.96,0.1,0.57,0.17,17460,24.582432985305786
0.6,0.77,0.35,0.44,1.02,0.96,0.1,0.59,0.18,17417,24.586092710494995
0.6,0.77,0.35,0.44,1.02,0.96,0.1,0.58,0.17,17628,24.58708882331848
0.59,0.76,0.35,0.44,1.03,0.96,0.1,0.58,0.18,17907,24.590740442276
0.6,0.77,0.35,0.44,1.03,0.96,0.11,0.58,0.17,17748,24.59475302696228
0.6,0.77,0.35,0.44,1.02,0.96,0.1,0.58,0.18,17161,24.59956932067871
0.6,0.77,0.35,0.44,1.03,0.96,0.11,0.59,0.17,16934,24.59956932067871
0.6,0.77,0.35,0.43,1.03,0.96,0.1,0.59,0.18,17269,24.60359263420105
0.61,0.78,0.35,0.44,1.02,0.96,0.1,0.58,0.18,17698,24.60718035697937
0.6,0.77,0.35,0.44,1.03,0.96,0.11,0.59,0.18,17295,24.611371517181396
0.6,0.77,0.35,0.44,1.03,0.96,0.11,0.58,0.18,17022,24.61504626274109
0.6,0.77,0.35,0.44,1.03,0.96,0.11,0.58,0.18,17471,24.615782737731934
0.6,0.77,0.35,0.44,1.02,0.96,0.1,0.58,0.18,17360,24.62010407447815
0.6,0.77,0.35,0.44,1.03,0.96,0.1,0.58,0.18,17329,24.62402629852295
0.6,0.77,0.35,0.45,1.03,0.95,0.11,0.58,0.18,16984,24.62723731994629
0.6,0.77,0.35,0.45,1.03,0.96,0.1,0.58,0.18,17339,24.627814769744873
0.59,0.77,0.35,0.43,1.03,0.96,0.1,0.58,0.18,17456,24.631328582763672
0.6,0.77,0.35,0.44,1.02,0.95,0.1,0.58,0.18,17639,24.635329008102417
0.6,0.77,0.35,0.44,1.03,0.96,0.1,0.58,0.18,17284,24.639328718185425
0.58,0.77,0.35,0.44,1.03,0.96,0.11,0.58,0.17,17195,24.640326499938965
0.6,0.77,0.35,0.44,1.03,0.96,0.1,0.58,0.17,17384,24.643434762954712
0.6,0.77,0.35,0.44,1.03,0.96,0.11,0.58,0.18,17767,24.647693872451782
0.6,0.77,0.35,0.44,1.03,0.96,0.11,0.58,0.17,17478,24.652073860168457
0.6,0.77,0.35,0.44,1.02,0.96,0.11,0.58,0.17,16659,24.653123378753662
0.6,0.77,0.35,0.45,1.03,0.96,0.11,0.59,0.18,16804,24.656117916107178
0.6,0.77,0.35,0.44,1.03,0.96,0.1,0.58,0.19,16935,24.661118984222412
0.6,0.77,0.35,0.44,1.03,0.96,0.11,0.58,0.19,17426,24.66511821746826
0.6,0.77,0.35,0.44,1.03,0.96,0.1,0.58,0.19,17211,24.66511821746826
0.6,0.77,0.35,0.44,1.03,0.95,0.11,0.58,0.19,17128,24.669118404388428
0.6,0.77,0.35,0.44,1.03,0.96,0.11,0.58,0.19,17529,24.672348976135254
0.6,0.77,0.35,0.45,1.02,0.96,0.11,0.59,0.19,17570,24.676818132400513
0.6,0.77,0.35,0.44,1.02,0.96,0.1,0.58,0.18,17655,24.67764401435852
0.6,0.78,0.35,0.45,1.02,0.96,0.11,0.58,0.19,17442,24.68076801300049
0.6,0.77,0.35,0.44,1.03,0.96,0.1,0.58,0.18,17299,24.68501615524292
0.6,0.77,0.35,0.44,1.02,0.96,0.11,0.58,0.19,17262,24.68996500968933
0.6,0.77,0.35,0.45,1.03,0.95,0.11,0.58,0.18,17405,24.692938089370728
0.6,0.77,0.34,0.45,1.02,0.96,0.11,0.58,0.18,17438,24.692938089370728
0.6,0.77,0.35,0.45,1.03,0.96,0.11,0.58,0.18,17471,24.698105096817017
0.6,0.77,0.35,0.45,1.02,0.96,0.11,0.58,0.18,17240,24.70207405090332
0.6,0.77,0.35,0.45,1.03,0.96,0.1,0.58,0.19,17381,24.705244302749634
0.6,0.77,0.36,0.45,1.03,0.96,0.11,0.58,0.18,17528,24.706073999404907
0.6,0.77,0.34,0.45,1.03,0.96,0.11,0.58,0.18,17279,24.709074020385742
0.61,0.77,0.35,0.45,1.02,0.96,0.11,0.58,0.18,17108,24.713651180267334
0.6,0.77,0.35,0.45,1.02,0.96,0.1,0.58,0.18,17255,24.718223810195923
0.6,0.78,0.35,0.45,1.03,0.96,0.11,0.58,0.18,17256,24.718223810195923
0.61,0.77,0.35,0.45,1.03,0.96,0.11,0.58,0.18,17089,24.721834182739258
0.61,0.77,0.35,0.45,1.02,0.96,0.11,0.58,0.18,17062,24.72597074508667
0.61,0.77,0.35,0.45,1.03,0.96,0.12,0.58,0.18,17337,24.729851722717285
0.6,0.77,0.35,0.45,1.02,0.96,0.12,0.58,0.18,17350,24.729851722717285
0.61,0.78,0.34,0.45,1.02,0.95,0.11,0.59,0.18,17215,24.734269857406616
0.61,0.77,0.35,0.45,1.02,0.95,0.11,0.58,0.19,17354,24.738630056381226
0.61,0.77,0.35,0.45,1.02,0.96,0.11,0.58,0.18,17263,24.741653442382812
0.61,0.78,0.35,0.45,1.02,0.96,0.11,0.58,0.18,17482,24.742629289627075
0.61,0.78,0.35,0.45,1.02,0.96,0.11,0.58,0.18,17271,24.74605965614319
0.61,0.78,0.35,0.45,1.02,0.96,0.11,0.58,0.18,17500,24.751270294189453
0.61,0.77,0.35,0.45,1.02,0.96,0.11,0.58,0.18,18015,24.753983736038208
0.61,0.77,0.34,0.45,1.02,0.96,0.11,0.58,0.18,17812,24.755038261413574
0.61,0.78,0.34,0.45,1.03,0.96,0.11,0.58,0.18,17473,24.75804901123047
0.61,0.78,0.35,0.45,1.02,0.96,0.11,0.58,0.18,17488,24.763132333755493
0.61,0.77,0.35,0.44,1.02,0.95,0.11,0.58,0.18,17593,24.76710796356201
0.62,0.78,0.34,0.45,1.03,0.96,0.11,0.58,0.18,17138,24.770530462265015
0.61,0.78,0.34,0.45,1.03,0.96,0.11,0.58,0.18,17367,24.770530462265015
0.61,0.78,0.34,0.45,1.03,0.96,0.12,0.58,0.18,17922,24.77465581893921
0.61,0.77,0.34,0.45,1.03,0.96,0.11,0.58,0.18,17875,24.78009343147278
0.61,0.78,0.35,0.45,1.03,0.96,0.11,0.58,0.18,17646,24.783183574676514
0.61,0.78,0.35,0.45,1.03,0.96,0.12,0.58,0.18,17445,24.784162998199463
0.61,0.78,0.35,0.45,1.03,0.95,0.11,0.58,0.18,16978,24.78719472885132
0.62,0.77,0.35,0.45,1.02,0.96,0.11,0.58,0.18,17195,24.791195154190063
0.61,0.77,0.34,0.45,1.03,0.96,0.11,0.58,0.18,17428,24.79539179801941
0.61,0.78,0.34,0.45,1.02,0.96,0.12,0.58,0.18,17431,24.796195030212402
0.61,0.78,0.35,0.45,1.02,0.96,0.11,0.58,0.18,17322,24.80002450942993
0.61,0.78,0.35,0.45,1.01,0.96,0.11,0.58,0.18,17013,24.803557872772217
0.6,0.78,0.35,0.45,1.01,0.96,0.11,0.58,0.18,17262,24.807669401168823
0.6,0.78,0.35,0.46,1.02,0.96,0.11,0.58,0.18,17079,24.807669401168823
0.61,0.78,0.35,0.45,1.02,0.96,0.11,0.58,0.18,17342,24.811696767807007
0.61,0.78,0.34,0.45,1.02,0.96,0.11,0.59,0.18,17543,24.81569480895996
0.61,0.78,0.35,0.45,1.02,0.96,0.11,0.58,0.18,17804,24.820136070251465
0.61,0.78,0.34,0.45,1.02,0.96,0.11,0.59,0.18,17889,24.82111167907715
0.61,0.78,0.35,0.44,1.02,0.96,0.11,0.59,0.18,17834,24.82413601875305
0.61,0.78,0.35,0.45,1.02,0.96,0.12,0.59,0.18,17619,24.82913637161255
0.61,0.78,0.35,0.45,1.02,0.96,0.12,0.58,0.18,17626,24.833136320114136
0.61,0.78,0.35,0.45,1.01,0.96,0.11,0.58,0.18,17417,24.833136320114136
0.61,0.78,0.35,0.45,1.02,0.96,0.11,0.58,0.18,17426,24.837136268615723
0.61,0.78,0.35,0.45,1.01,0.96,0.11,0.58,0.18,17687,24.84110975265503
0.61,0.78,0.35,0.45,1.01,0.96,0.12,0.58,0.18,17496,24.844583749771118
0.61,0.78,0.35,0.45,1.02,0.96,0.11,0.58,0.18,17629,24.84862756729126
0.62,0.78,0.35,0.45,1.01,0.96,0.11,0.58,0.18,18078,24.84862756729126
0.62,0.78,0.35,0.45,1.01,0.95,0.12,0.58,0.18,17977,24.85283875465393
0.61,0.78,0.35,0.45,1.01,0.96,0.12,0.58,0.18,17166,24.857879638671875
0.61,0.78,0.35,0.45,1.02,0.96,0.11,0.58,0.18,17191,24.860621452331543
0.61,0.78,0.35,0.46,1.01,0.96,0.11,0.58,0.18,17144,24.860621452331543
0.61,0.78,0.35,0.45,1.02,0.96,0.11,0.58,0.18,17195,24.865981817245483
0.62,0.77,0.35,0.45,1.02,0.96,0.11,0.58,0.18,17242,24.868932008743286
0.61,0.78,0.35,0.45,1.02,0.95,0.11,0.58,0.18,17411,24.873982667922974
0.61,0.77,0.35,0.45,1.02,0.96,0.11,0.58,0.18,17640,24.873982667922974
0.61,0.77,0.35,0.45,1.02,0.96,0.11,0.58,0.18,17559,24.87767267227173
0.61,0.78,0.35,0.45,1.02,0.96,0.11,0.58,0.18,17358,24.882246732711792
0.61,0.78,0.35,0.45,1.01,0.96,0.11,0.58,0.18,16773,24.885620594024658
0.6,0.78,0.35,0.45,1.01,0.96,0.11,0.58,0.18,17158,24.885620594024658
0.6,0.77,0.35,0.44,1.02,0.96,0.12,0.58,0.18,17299,24.889636278152466
0.61,0.77,0.35,0.45,1.02,0.96,0.12,0.58,0.19,17158,24.89416217803955
0.61,0.78,0.35,0.45,1.02,0.96,0.11,0.58,0.18,17167,24.898163557052612
0.61,0.78,0.35,0.45,1.02,0.96,0.12,0.58,0.18,17560,24.89916157722473
0.61,0.77,0.35,0.45,1.02,0.96,0.11,0.58,0.18,17535,24.901700496673584
0.61,0.77,0.35,0.45,1.02,0.96,0.11,0.58,0.18,17692,24.906758069992065
0.61,0.78,0.35,0.46,1.02,0.96,0.11,0.58,0.18,17599,24.910440921783447
0.61,0.77,0.35,0.45,1.01,0.96,0.11,0.58,0.18,17566,24.913289785385132
0.61,0.77,0.35,0.45,1.02,0.96,0.11,0.58,0.18,17341,24.914387702941895
0.6,0.77,0.35,0.45,1.03,0.96,0.11,0.58,0.18,16810,24.918367385864258
0.61,0.77,0.35,0.45,1.02,0.96,0.11,0.58,0.18,16925,24.922712802886963
0.61,0.77,0.35,0.45,1.02,0.95,0.11,0.58,0.18,17324,24.92639994621277
0.61,0.77,0.35,0.45,1.02,0.96,0.11,0.58,0.18,17551,24.92639994621277
0.6,0.77,0.35,0.45,1.02,0.96,0.11,0.59,0.19,17478,24.930531978607178
0.61,0.77,0.35,0.45,1.02,0.96,0.11,0.59,0.18,17459,24.93444323539734
0.6,0.78,0.35,0.45,1.02,0.96,0.11,0.58,0.18,17548,24.938748359680176
0.6,0.77,0.35,0.44,1.02,0.96,0.11,0.58,0.18,17589,24.939440965652466
0.6,0.77,0.35,0.44,1.02,0.95,0.11,0.58,0.18,17346,24.94302463531494
0.6,0.77,0.35,0.44,1.02,0.96,0.11,0.58,0.18,17579,24.947425365447998
0.6,0.77,0.35,0.45,1.01,0.96,0.11,0.58,0.18,17260,24.951430320739746
0.6,0.78,0.35,0.45,1.02,0.96,0.11,0.58,0.18,17241,24.951430320739746
0.6,0.77,0.35,0.45,1.02,0.96,0.12,0.58,0.18,17286,24.956129789352417
0.6,0.78,0.35,0.45,1.02,0.96,0.11,0.58,0.18,17095,24.95888900756836
0.6,0.77,0.35,0.44,1.02,0.96,0.11,0.58,0.18,17284,24.963260173797607
0.6,0.77,0.35,0.45,1.02,0.96,0.11,0.58,0.18,17279,24.964285135269165
0.6,0.77,0.35,0.44,1.02,0.96,0.11,0.58,0.18,17280,24.96753740310669
0.6,0.78,0.35,0.45,1.02,0.96,0.11,0.58,0.18,17717,24.971536874771118
0.6,0.77,0.35,0.44,1.02,0.96,0.11,0.58,0.18,17540,24.975882291793823
0.6,0.78,0.35,0.45,1.02,0.96,0.11,0.58,0.18,17525,24.975882291793823
0.6,0.78,0.35,0.45,1.03,0.96,0.11,0.58,0.18,17426,24.979414701461792
0.6,0.77,0.35,0.45,1.03,0.96,0.11,0.58,0.18,17013,24.983692169189453
0.6,0.77,0.35,0.44,1.02,0.96,0.11,0.58,0.18,16920,24.988245725631714
0.59,0.78,0.35,0.46,1.02,0.95,0.11,0.58,0.18,17269,24.991924285888672
0.6,0.78,0.35,0.44,1.02,0.96,0.11,0.58,0.18,17498,24.99298095703125
0.6,0.78,0.35,0.45,1.02,0.96,0.11,0.58,0.18,17467,24.99554705619812
0.6,0.78,0.35,0.45,1.02,0.96,0.11,0.58,0.18,17702,25.000197172164917
0.6,0.78,0.35,0.45,1.02,0.96,0.11,0.58,0.18,17705,25.00435185432434
